# coord. kx ky kz (red. coord.), bands:    14 [H]
     0.00000000    0.50000000    0.00000000    0.00000000    -0.19992301    -0.10472513     0.11047004     0.11047009     0.21305293     0.27686191     0.27686193     0.43506938     0.54432395     0.54432410     0.57080931     0.57480646     0.57480651     0.63337123
     0.02640129    0.45000000    0.00000000    0.00000000    -0.20513963    -0.09720871     0.11112960     0.11112965     0.21380657     0.27766704     0.27766706     0.43630273     0.51921757     0.51921768     0.55502603     0.60261231     0.60261241     0.64779943
     0.05280258    0.40000000    0.00000000    0.00000000    -0.21732917    -0.07814289     0.11310604     0.11310609     0.21605590     0.27985723     0.27985725     0.43957622     0.48667851     0.48667860     0.52604769     0.64299609     0.64299621     0.66831748
     0.07920387    0.35000000    0.00000000    0.00000000    -0.23165974    -0.05243307     0.11638717     0.11638722     0.21975932     0.28269147     0.28269149     0.44256402     0.45780330     0.45780338     0.49751716     0.66341701     0.68308558     0.68308573
     0.10560516    0.30000000    0.00000000    0.00000000    -0.24563412    -0.02271472     0.12093384     0.12093389     0.22482272     0.28476085     0.28476088     0.43479750     0.43479758     0.43556544     0.48094839     0.62899603     0.70937446     0.70937459
     0.13200645    0.25000000    0.00000000    0.00000000    -0.25817083     0.00969559     0.12664794     0.12664799     0.23105380     0.28405924     0.28405927     0.41121608     0.41982212     0.41982219     0.48293503     0.58901338     0.69565841     0.69565850
     0.15840774    0.20000000    0.00000000    0.00000000    -0.26877068     0.04389526     0.13331674     0.13331679     0.23807388     0.27902561     0.27902563     0.38042467     0.41439284     0.41439292     0.48846754     0.55632191     0.66248367     0.66248373
     0.18480903    0.15000000    0.00000000    0.00000000    -0.27717996     0.07888362     0.14051534     0.14051539     0.24513716     0.27022516     0.27022518     0.34833464     0.41770871     0.41770878     0.48173641     0.54451785     0.62845908     0.62845911
     0.21121032    0.10000000    0.00000000    0.00000000    -0.28326027     0.11292827     0.14744650     0.14744655     0.25071451     0.26028743     0.26028745     0.31759809     0.42651175     0.42651182     0.46362102     0.55239980     0.59872651     0.59872653
     0.23761161    0.05000000    0.00000000    0.00000000    -0.28693457     0.14183722     0.15277344     0.15277349     0.25181967     0.25242074     0.25242075     0.29392160     0.43599134     0.43599142     0.44876143     0.56383158     0.57720692     0.57720694
     0.26401290    0.00000000    0.00000000    0.00000000    -0.28816340     0.15483404     0.15483412     0.15483412     0.24939787     0.24939791     0.24939792     0.28567520     0.44026384     0.44026392     0.44330446     0.56900787     0.56900790     0.56900793
     0.29449848    0.00000000    0.05000000    0.05000000    -0.28652437     0.14498562     0.14823724     0.14823732     0.24530112     0.25796988     0.25796992     0.29512044     0.42763914     0.44208291     0.45055683     0.57184656     0.57184659     0.57741200
     0.32498407    0.00000000    0.10000000    0.10000000    -0.28161603     0.12143716     0.13322694     0.13322700     0.23473356     0.27886459     0.27886464     0.31448435     0.40292486     0.44753833     0.47052670     0.58032489     0.58032492     0.59455685
     0.35546965    0.00000000    0.15000000    0.15000000    -0.27346514     0.09193734     0.11591646     0.11591652     0.22105595     0.30585796     0.30585803     0.31968752     0.39487778     0.45662467     0.49963246     0.59426194     0.59426198     0.61359154
     0.38595524    0.00000000    0.20000000    0.20000000    -0.26211797     0.06004167     0.09916602     0.09916608     0.20701544     0.29739398     0.33594617     0.33594624     0.41876781     0.46933253     0.53464501     0.61304604     0.61304608     0.63464641
     0.41644082    0.00000000    0.25000000    0.25000000    -0.24764305     0.02713987     0.08416964     0.08416970     0.19433431     0.26815814     0.36780974     0.36780982     0.45464037     0.48564806     0.57282766     0.63463695     0.63463699     0.65921503
     0.44692640    0.00000000    0.30000000    0.30000000    -0.23013514    -0.00610035     0.07148806     0.07148811     0.18404496     0.24091470     0.40082528     0.40082536     0.49341344     0.50555216     0.61091213     0.65170005     0.65170012     0.68844391
     0.47741199    0.00000000    0.35000000    0.35000000    -0.20972080    -0.03919474     0.06141859     0.06141864     0.17680029     0.21785877     0.43469988     0.43469996     0.52901922     0.53225551     0.64321884     0.64665092     0.64665101     0.72298291
     0.50789757    0.00000000    0.40000000    0.40000000    -0.18656553    -0.07167585     0.05413120     0.05413125     0.17305597     0.19959077     0.46923987     0.46923995     0.55601540     0.56963316     0.61874313     0.61874323     0.66022173     0.69812965
     0.53838316    0.00000000    0.45000000    0.45000000    -0.16088238    -0.10307332     0.04972440     0.04972445     0.17316860     0.18617252     0.50376271     0.50376280     0.58417263     0.58417272     0.58649594     0.60425868     0.65547575     0.65764996
     0.56886874    0.00000000    0.50000000    0.50000000    -0.13296971    -0.13291182     0.04825005     0.04825010     0.17744169     0.17745216     0.52829048     0.52829057     0.55920541     0.55920550     0.62036802     0.62043427     0.63423504     0.63424506
     0.59761082    0.06666667    0.53333333    0.53333333    -0.13348931    -0.13138357     0.03885870     0.04942030     0.17881151     0.19153905     0.51442962     0.52032023     0.54081868     0.54474990     0.63447181     0.63518205     0.64180115     0.65499720
     0.62635291    0.13333333    0.56666667    0.56666667    -0.13564665    -0.12671751     0.01949433     0.05290410     0.18287969     0.22546345     0.48604219     0.50131907     0.50782947     0.51760350     0.65955505     0.66045238     0.66611901     0.69476318
     0.65509499    0.20000000    0.60000000    0.60000000    -0.14083445    -0.11895385     0.00142702     0.05861772     0.18956925     0.26916282     0.45469073     0.47396833     0.47793766     0.48892750     0.68058678     0.68729914     0.70110667     0.73652858
     0.68383708    0.26666667    0.63333333    0.63333333    -0.15062351    -0.10811390    -0.00959608     0.06640960     0.19872374     0.31784440     0.42384847     0.44227886     0.45365203     0.46158702     0.69771638     0.71268824     0.72816712     0.73379738
     0.71257916    0.33333333    0.66666667    0.66666667    -0.16522119    -0.09422876    -0.01177017     0.07604141     0.21007490     0.36636853     0.39469891     0.41658308     0.43019899     0.43679365     0.68406690     0.70527441     0.73103990     0.73632826
     0.74132124    0.40000000    0.70000000    0.70000000    -0.18303999    -0.07734178    -0.00602316     0.08716024     0.22316872     0.36776651     0.37552429     0.40869381     0.41536615     0.43474554     0.65721553     0.67874018     0.72508948     0.75820660
     0.77006333    0.46666667    0.73333333    0.73333333    -0.20199524    -0.05751227     0.00581626     0.09926491     0.23722425     0.34333007     0.35378718     0.39013501     0.39804368     0.48563644     0.63167337     0.65753592     0.67085031     0.77733854
     0.79880541    0.53333333    0.76666667    0.76666667    -0.22049894    -0.03482256     0.02218683     0.11167969     0.25089386     0.32155572     0.33216448     0.37570828     0.38559884     0.53014448     0.60480720     0.61704927     0.64871816     0.74511070
     0.82754750    0.60000000    0.80000000    0.80000000    -0.23755449    -0.00939130     0.04193383     0.12357012     0.26205462     0.30254973     0.31274533     0.36683810     0.37884575     0.54796513     0.55395005     0.59296800     0.66339253     0.70610757
     0.85628958    0.66666667    0.83333333    0.83333333    -0.25256499     0.01859902     0.06409326     0.13405474     0.26840100     0.28638319     0.29579137     0.36398000     0.37851275     0.50256819     0.53856511     0.57784583     0.64770148     0.73168444
     0.88503166    0.73333333    0.86666667    0.86666667    -0.26516949     0.04883951     0.08763849     0.14243382     0.26941406     0.27310476     0.28128594     0.36254910     0.38494537     0.46005096     0.51736641     0.56754848     0.61690739     0.70150068
     0.91377375    0.80000000    0.90000000    0.90000000    -0.27514497     0.08073348     0.11119677     0.14842605     0.26274804     0.26683787     0.26911757     0.34948080     0.39768361     0.43708366     0.49176501     0.56247275     0.59413285     0.65547889
     0.94251583    0.86666667    0.93333333    0.93333333    -0.28235233     0.11290485     0.13265756     0.15221023     0.25533589     0.25924430     0.26228594     0.32142351     0.41490184     0.43472300     0.46736765     0.56275648     0.57956583     0.61389907
     0.97125792    0.93333333    0.96666667    0.96666667    -0.28670702     0.14143336     0.14867364     0.15421608     0.25088308     0.25215552     0.25529437     0.29523357     0.43214649     0.43843721     0.44975438     0.56657843     0.57156092     0.58200046
     1.00000000    1.00000000    1.00000000    1.00000000    -0.28816340     0.15483404     0.15483412     0.15483412     0.24939787     0.24939791     0.24939792     0.28567520     0.44026384     0.44026392     0.44330446     0.56900787     0.56900790     0.56900793
