# occupations | eigenvalue[a.u.] | Im(eigenvalue) [a.u.] | k-points | k-weights | filename | ik | ist | idim
%Occupations_Eigenvalues_K-Points
 0.2000000000000000E+01 | -0.2847548980391111E+00 |  0.0000000000000000E+00 | -0.5143406440061878E-01 |  0.5143406440061878E-01 |  0.5143406440061878E-01 |  0.9259259259259259E-02 | 0000000001 |        1 |        1 |        1
 0.2000000000000000E+01 |  0.1234831056228832E+00 |  0.0000000000000000E+00 | -0.5143406440061878E-01 |  0.5143406440061878E-01 |  0.5143406440061878E-01 |  0.9259259259259259E-02 | 0000000002 |        1 |        2 |        1
 0.2000000000000000E+01 |  0.1494824400295869E+00 |  0.0000000000000000E+00 | -0.5143406440061878E-01 |  0.5143406440061878E-01 |  0.5143406440061878E-01 |  0.9259259259259259E-02 | 0000000003 |        1 |        3 |        1
 0.2000000000000000E+01 |  0.1494824881239739E+00 |  0.0000000000000000E+00 | -0.5143406440061878E-01 |  0.5143406440061878E-01 |  0.5143406440061878E-01 |  0.9259259259259259E-02 | 0000000004 |        1 |        4 |        1
 0.0000000000000000E+00 |  0.2572811983084089E+00 |  0.0000000000000000E+00 | -0.5143406440061878E-01 |  0.5143406440061878E-01 |  0.5143406440061878E-01 |  0.9259259259259259E-02 | 0000000005 |        1 |        5 |        1
 0.2000000000000000E+01 | -0.2757108451327933E+00 |  0.0000000000000000E+00 |  0.1543021932018563E+00 | -0.5143406440061875E-01 | -0.5143406440061874E-01 |  0.2777777777777776E-01 | 0000000006 |        2 |        1 |        1
 0.2000000000000000E+01 |  0.8440049555469897E-01 |  0.0000000000000000E+00 |  0.1543021932018563E+00 | -0.5143406440061875E-01 | -0.5143406440061874E-01 |  0.2777777777777776E-01 | 0000000007 |        2 |        2 |        1
 0.2000000000000000E+01 |  0.1251322014805931E+00 |  0.0000000000000000E+00 |  0.1543021932018563E+00 | -0.5143406440061875E-01 | -0.5143406440061874E-01 |  0.2777777777777776E-01 | 0000000008 |        2 |        3 |        1
 0.2000000000000000E+01 |  0.1326352959660741E+00 |  0.0000000000000000E+00 |  0.1543021932018563E+00 | -0.5143406440061875E-01 | -0.5143406440061874E-01 |  0.2777777777777776E-01 | 0000000009 |        2 |        4 |        1
 0.0000000000000000E+00 |  0.2394104566451903E+00 |  0.0000000000000000E+00 |  0.1543021932018563E+00 | -0.5143406440061875E-01 | -0.5143406440061874E-01 |  0.2777777777777776E-01 | 0000000010 |        2 |        5 |        1
 0.2000000000000000E+01 | -0.2668279014961483E+00 |  0.0000000000000000E+00 |  0.1543021932018563E+00 | -0.1543021932018563E+00 | -0.5143406440061871E-01 |  0.2777777777777776E-01 | 0000000011 |        3 |        1 |        1
 0.2000000000000000E+01 |  0.4668025223679654E-01 |  0.0000000000000000E+00 |  0.1543021932018563E+00 | -0.1543021932018563E+00 | -0.5143406440061871E-01 |  0.2777777777777776E-01 | 0000000012 |        3 |        2 |        1
 0.2000000000000000E+01 |  0.1029909973202660E+00 |  0.0000000000000000E+00 |  0.1543021932018563E+00 | -0.1543021932018563E+00 | -0.5143406440061871E-01 |  0.2777777777777776E-01 | 0000000013 |        3 |        3 |        1
 0.2000000000000000E+01 |  0.1418787933130673E+00 |  0.0000000000000000E+00 |  0.1543021932018563E+00 | -0.1543021932018563E+00 | -0.5143406440061871E-01 |  0.2777777777777776E-01 | 0000000014 |        3 |        4 |        1
 0.0000000000000000E+00 |  0.2719130946831634E+00 |  0.0000000000000000E+00 |  0.1543021932018563E+00 | -0.1543021932018563E+00 | -0.5143406440061871E-01 |  0.2777777777777776E-01 | 0000000015 |        3 |        5 |        1
 0.2000000000000000E+01 | -0.2581707737150752E+00 |  0.0000000000000000E+00 | -0.1543021932018563E+00 |  0.1543021932018563E+00 |  0.1543021932018563E+00 |  0.9259259259259259E-02 | 0000000016 |        4 |        1 |        1
 0.2000000000000000E+01 |  0.9695651936673965E-02 |  0.0000000000000000E+00 | -0.1543021932018563E+00 |  0.1543021932018563E+00 |  0.1543021932018563E+00 |  0.9259259259259259E-02 | 0000000017 |        4 |        2 |        1
 0.2000000000000000E+01 |  0.1266480058318136E+00 |  0.0000000000000000E+00 | -0.1543021932018563E+00 |  0.1543021932018563E+00 |  0.1543021932018563E+00 |  0.9259259259259259E-02 | 0000000018 |        4 |        3 |        1
 0.2000000000000000E+01 |  0.1266480553909705E+00 |  0.0000000000000000E+00 | -0.1543021932018563E+00 |  0.1543021932018563E+00 |  0.1543021932018563E+00 |  0.9259259259259259E-02 | 0000000019 |        4 |        4 |        1
 0.0000000000000000E+00 |  0.2310538484146736E+00 |  0.0000000000000000E+00 | -0.1543021932018563E+00 |  0.1543021932018563E+00 |  0.1543021932018563E+00 |  0.9259259259259259E-02 | 0000000020 |        4 |        5 |        1
 0.2000000000000000E+01 | -0.2492597616950754E+00 |  0.0000000000000000E+00 |  0.2571703220030938E+00 | -0.1543021932018562E+00 | -0.5143406440061878E-01 |  0.5555555555555550E-01 | 0000000021 |        5 |        1 |        1
 0.2000000000000000E+01 |  0.8981530625277860E-02 |  0.0000000000000000E+00 |  0.2571703220030938E+00 | -0.1543021932018562E+00 | -0.5143406440061878E-01 |  0.5555555555555550E-01 | 0000000022 |        5 |        2 |        1
 0.2000000000000000E+01 |  0.7374046195563967E-01 |  0.0000000000000000E+00 |  0.2571703220030938E+00 | -0.1543021932018562E+00 | -0.5143406440061878E-01 |  0.5555555555555550E-01 | 0000000023 |        5 |        3 |        1
 0.2000000000000000E+01 |  0.1185000628179318E+00 |  0.0000000000000000E+00 |  0.2571703220030938E+00 | -0.1543021932018562E+00 | -0.5143406440061878E-01 |  0.5555555555555550E-01 | 0000000024 |        5 |        4 |        1
 0.0000000000000000E+00 |  0.2506939297008443E+00 |  0.0000000000000000E+00 |  0.2571703220030938E+00 | -0.1543021932018562E+00 | -0.5143406440061878E-01 |  0.5555555555555550E-01 | 0000000025 |        5 |        5 |        1
 0.2000000000000000E+01 | -0.2577729594532381E+00 |  0.0000000000000000E+00 |  0.2571703220030937E+00 | -0.5143406440061875E-01 | -0.5143406440061874E-01 |  0.2777777777777776E-01 | 0000000026 |        6 |        1 |        1
 0.2000000000000000E+01 |  0.4084379246118299E-01 |  0.0000000000000000E+00 |  0.2571703220030937E+00 | -0.5143406440061875E-01 | -0.5143406440061874E-01 |  0.2777777777777776E-01 | 0000000027 |        6 |        2 |        1
 0.2000000000000000E+01 |  0.9750975127652535E-01 |  0.0000000000000000E+00 |  0.2571703220030937E+00 | -0.5143406440061875E-01 | -0.5143406440061874E-01 |  0.2777777777777776E-01 | 0000000028 |        6 |        3 |        1
 0.2000000000000000E+01 |  0.9772549456778146E-01 |  0.0000000000000000E+00 |  0.2571703220030937E+00 | -0.5143406440061875E-01 | -0.5143406440061874E-01 |  0.2777777777777776E-01 | 0000000029 |        6 |        4 |        1
 0.0000000000000000E+00 |  0.2169176545591392E+00 |  0.0000000000000000E+00 |  0.2571703220030937E+00 | -0.5143406440061875E-01 | -0.5143406440061874E-01 |  0.2777777777777776E-01 | 0000000030 |        6 |        5 |        1
 0.2000000000000000E+01 | -0.2411507531908093E+00 |  0.0000000000000000E+00 |  0.2571703220030938E+00 | -0.1543021932018563E+00 | -0.1543021932018563E+00 |  0.2777777777777776E-01 | 0000000031 |        7 |        1 |        1
 0.2000000000000000E+01 | -0.2516549751927529E-01 |  0.0000000000000000E+00 |  0.2571703220030938E+00 | -0.1543021932018563E+00 | -0.1543021932018563E+00 |  0.2777777777777776E-01 | 0000000032 |        7 |        2 |        1
 0.2000000000000000E+01 |  0.1057637716876042E+00 |  0.0000000000000000E+00 |  0.2571703220030938E+00 | -0.1543021932018563E+00 | -0.1543021932018563E+00 |  0.2777777777777776E-01 | 0000000033 |        7 |        3 |        1
 0.2000000000000000E+01 |  0.1075376472241630E+00 |  0.0000000000000000E+00 |  0.2571703220030938E+00 | -0.1543021932018563E+00 | -0.1543021932018563E+00 |  0.2777777777777776E-01 | 0000000034 |        7 |        4 |        1
 0.0000000000000000E+00 |  0.2399715784650731E+00 |  0.0000000000000000E+00 |  0.2571703220030938E+00 | -0.1543021932018563E+00 | -0.1543021932018563E+00 |  0.2777777777777776E-01 | 0000000035 |        7 |        5 |        1
 0.2000000000000000E+01 | -0.2325562338234038E+00 |  0.0000000000000000E+00 |  0.2571703220030938E+00 | -0.2571703220030938E+00 | -0.5143406440061878E-01 |  0.2777777777777776E-01 | 0000000036 |        8 |        1 |        1
 0.2000000000000000E+01 | -0.2414579901760439E-01 |  0.0000000000000000E+00 |  0.2571703220030938E+00 | -0.2571703220030938E+00 | -0.5143406440061878E-01 |  0.2777777777777776E-01 | 0000000037 |        8 |        2 |        1
 0.2000000000000000E+01 |  0.4599994635167293E-01 |  0.0000000000000000E+00 |  0.2571703220030938E+00 | -0.2571703220030938E+00 | -0.5143406440061878E-01 |  0.2777777777777776E-01 | 0000000038 |        8 |        3 |        1
 0.2000000000000000E+01 |  0.1204513746555330E+00 |  0.0000000000000000E+00 |  0.2571703220030938E+00 | -0.2571703220030938E+00 | -0.5143406440061878E-01 |  0.2777777777777776E-01 | 0000000039 |        8 |        4 |        1
 0.0000000000000000E+00 |  0.2579731779443575E+00 |  0.0000000000000000E+00 |  0.2571703220030938E+00 | -0.2571703220030938E+00 | -0.5143406440061878E-01 |  0.2777777777777776E-01 | 0000000040 |        8 |        5 |        1
 0.2000000000000000E+01 | -0.2255132306560851E+00 |  0.0000000000000000E+00 |  0.2571703220030938E+00 | -0.2571703220030938E+00 | -0.1543021932018562E+00 |  0.2777777777777776E-01 | 0000000041 |        9 |        1 |        1
 0.2000000000000000E+01 | -0.5705579457842404E-01 |  0.0000000000000000E+00 |  0.2571703220030938E+00 | -0.2571703220030938E+00 | -0.1543021932018562E+00 |  0.2777777777777776E-01 | 0000000042 |        9 |        2 |        1
 0.2000000000000000E+01 |  0.8604072886508375E-01 |  0.0000000000000000E+00 |  0.2571703220030938E+00 | -0.2571703220030938E+00 | -0.1543021932018562E+00 |  0.2777777777777776E-01 | 0000000043 |        9 |        3 |        1
 0.2000000000000000E+01 |  0.1181087712926940E+00 |  0.0000000000000000E+00 |  0.2571703220030938E+00 | -0.2571703220030938E+00 | -0.1543021932018562E+00 |  0.2777777777777776E-01 | 0000000044 |        9 |        4 |        1
 0.0000000000000000E+00 |  0.2376127657196843E+00 |  0.0000000000000000E+00 |  0.2571703220030938E+00 | -0.2571703220030938E+00 | -0.1543021932018562E+00 |  0.2777777777777776E-01 | 0000000045 |        9 |        5 |        1
 0.2000000000000000E+01 | -0.2165069182711145E+00 |  0.0000000000000000E+00 |  0.3600384508043312E+00 | -0.1543021932018563E+00 | -0.1543021932018563E+00 |  0.2777777777777776E-01 | 0000000046 |       10 |        1 |        1
 0.2000000000000000E+01 | -0.5472739732125778E-01 |  0.0000000000000000E+00 |  0.3600384508043312E+00 | -0.1543021932018563E+00 | -0.1543021932018563E+00 |  0.2777777777777776E-01 | 0000000047 |       10 |        2 |        1
 0.2000000000000000E+01 |  0.6432877201906190E-01 |  0.0000000000000000E+00 |  0.3600384508043312E+00 | -0.1543021932018563E+00 | -0.1543021932018563E+00 |  0.2777777777777776E-01 | 0000000048 |       10 |        3 |        1
 0.2000000000000000E+01 |  0.8655123954563990E-01 |  0.0000000000000000E+00 |  0.3600384508043312E+00 | -0.1543021932018563E+00 | -0.1543021932018563E+00 |  0.2777777777777776E-01 | 0000000049 |       10 |        4 |        1
 0.0000000000000000E+00 |  0.2273218330086590E+00 |  0.0000000000000000E+00 |  0.3600384508043312E+00 | -0.1543021932018563E+00 | -0.1543021932018563E+00 |  0.2777777777777776E-01 | 0000000050 |       10 |        5 |        1
 0.2000000000000000E+01 | -0.2234584798667607E+00 |  0.0000000000000000E+00 |  0.3600384508043312E+00 | -0.1543021932018563E+00 | -0.5143406440061871E-01 |  0.5555555555555550E-01 | 0000000051 |       11 |        1 |        1
 0.2000000000000000E+01 | -0.2756230666774491E-01 |  0.0000000000000000E+00 |  0.3600384508043312E+00 | -0.1543021932018563E+00 | -0.5143406440061871E-01 |  0.5555555555555550E-01 | 0000000052 |       11 |        2 |        1
 0.2000000000000000E+01 |  0.4736236184355336E-01 |  0.0000000000000000E+00 |  0.3600384508043312E+00 | -0.1543021932018563E+00 | -0.5143406440061871E-01 |  0.5555555555555550E-01 | 0000000053 |       11 |        3 |        1
 0.2000000000000000E+01 |  0.8322813721953383E-01 |  0.0000000000000000E+00 |  0.3600384508043312E+00 | -0.1543021932018563E+00 | -0.5143406440061871E-01 |  0.5555555555555550E-01 | 0000000054 |       11 |        4 |        1
 0.0000000000000000E+00 |  0.2314925751481777E+00 |  0.0000000000000000E+00 |  0.3600384508043312E+00 | -0.1543021932018563E+00 | -0.5143406440061871E-01 |  0.5555555555555550E-01 | 0000000055 |       11 |        5 |        1
 0.2000000000000000E+01 | -0.2084484587850287E+00 |  0.0000000000000000E+00 |  0.3600384508043313E+00 | -0.2571703220030938E+00 | -0.5143406440061878E-01 |  0.5555555555555550E-01 | 0000000056 |       12 |        1 |        1
 0.2000000000000000E+01 | -0.5385779244129281E-01 |  0.0000000000000000E+00 |  0.3600384508043313E+00 | -0.2571703220030938E+00 | -0.5143406440061878E-01 |  0.5555555555555550E-01 | 0000000057 |       12 |        2 |        1
 0.2000000000000000E+01 |  0.2293260997831727E-01 |  0.0000000000000000E+00 |  0.3600384508043313E+00 | -0.2571703220030938E+00 | -0.5143406440061878E-01 |  0.5555555555555550E-01 | 0000000058 |       12 |        3 |        1
 0.2000000000000000E+01 |  0.9304988444733754E-01 |  0.0000000000000000E+00 |  0.3600384508043313E+00 | -0.2571703220030938E+00 | -0.5143406440061878E-01 |  0.5555555555555550E-01 | 0000000059 |       12 |        4 |        1
 0.0000000000000000E+00 |  0.2642003206261005E+00 |  0.0000000000000000E+00 |  0.3600384508043313E+00 | -0.2571703220030938E+00 | -0.5143406440061878E-01 |  0.5555555555555550E-01 | 0000000060 |       12 |        5 |        1
 0.2000000000000000E+01 | -0.2312698412752134E+00 |  0.0000000000000000E+00 |  0.5143406440061878E-01 |  0.5143406440061878E-01 | -0.3600384508043313E+00 |  0.2777777777777776E-01 | 0000000061 |       13 |        1 |        1
 0.2000000000000000E+01 | -0.6760929797954402E-02 |  0.0000000000000000E+00 |  0.5143406440061878E-01 |  0.5143406440061878E-01 | -0.3600384508043313E+00 |  0.2777777777777776E-01 | 0000000062 |       13 |        2 |        1
 0.2000000000000000E+01 |  0.6663010289314678E-01 |  0.0000000000000000E+00 |  0.5143406440061878E-01 |  0.5143406440061878E-01 | -0.3600384508043313E+00 |  0.2777777777777776E-01 | 0000000063 |       13 |        3 |        1
 0.2000000000000000E+01 |  0.7498423530232216E-01 |  0.0000000000000000E+00 |  0.5143406440061878E-01 |  0.5143406440061878E-01 | -0.3600384508043313E+00 |  0.2777777777777776E-01 | 0000000064 |       13 |        4 |        1
 0.0000000000000000E+00 |  0.1973686816020098E+00 |  0.0000000000000000E+00 |  0.5143406440061878E-01 |  0.5143406440061878E-01 | -0.3600384508043313E+00 |  0.2777777777777776E-01 | 0000000065 |       13 |        5 |        1
 0.2000000000000000E+01 | -0.2039777986813814E+00 |  0.0000000000000000E+00 |  0.3600384508043312E+00 | -0.2571703220030937E+00 | -0.1543021932018563E+00 |  0.5555555555555550E-01 | 0000000066 |       14 |        1 |        1
 0.2000000000000000E+01 | -0.8101595377670710E-01 |  0.0000000000000000E+00 |  0.3600384508043312E+00 | -0.2571703220030937E+00 | -0.1543021932018563E+00 |  0.5555555555555550E-01 | 0000000067 |       14 |        2 |        1
 0.2000000000000000E+01 |  0.5944733929938935E-01 |  0.0000000000000000E+00 |  0.3600384508043312E+00 | -0.2571703220030937E+00 | -0.1543021932018563E+00 |  0.5555555555555550E-01 | 0000000068 |       14 |        3 |        1
 0.2000000000000000E+01 |  0.9686884884115871E-01 |  0.0000000000000000E+00 |  0.3600384508043312E+00 | -0.2571703220030937E+00 | -0.1543021932018563E+00 |  0.5555555555555550E-01 | 0000000069 |       14 |        4 |        1
 0.0000000000000000E+00 |  0.2512417893891690E+00 |  0.0000000000000000E+00 |  0.3600384508043312E+00 | -0.2571703220030937E+00 | -0.1543021932018563E+00 |  0.5555555555555550E-01 | 0000000070 |       14 |        5 |        1
 0.2000000000000000E+01 | -0.2128382518026193E+00 |  0.0000000000000000E+00 | -0.2571703220030938E+00 |  0.2571703220030938E+00 |  0.2571703220030938E+00 |  0.9259259259259259E-02 | 0000000071 |       15 |        1 |        1
 0.2000000000000000E+01 | -0.8543089188467023E-01 |  0.0000000000000000E+00 | -0.2571703220030938E+00 |  0.2571703220030938E+00 |  0.2571703220030938E+00 |  0.9259259259259259E-02 | 0000000072 |       15 |        2 |        1
 0.2000000000000000E+01 |  0.1123013884338969E+00 |  0.0000000000000000E+00 | -0.2571703220030938E+00 |  0.2571703220030938E+00 |  0.2571703220030938E+00 |  0.9259259259259259E-02 | 0000000073 |       15 |        3 |        1
 0.2000000000000000E+01 |  0.1123014405734134E+00 |  0.0000000000000000E+00 | -0.2571703220030938E+00 |  0.2571703220030938E+00 |  0.2571703220030938E+00 |  0.9259259259259259E-02 | 0000000074 |       15 |        4 |        1
 0.0000000000000000E+00 |  0.2151417661860499E+00 |  0.0000000000000000E+00 | -0.2571703220030938E+00 |  0.2571703220030938E+00 |  0.2571703220030938E+00 |  0.9259259259259259E-02 | 0000000075 |       15 |        5 |        1
 0.2000000000000000E+01 | -0.1878146658335431E+00 |  0.0000000000000000E+00 |  0.3600384508043313E+00 | -0.3600384508043313E+00 | -0.5143406440061873E-01 |  0.2777777777777776E-01 | 0000000076 |       16 |        1 |        1
 0.2000000000000000E+01 | -0.7750442290944828E-01 |  0.0000000000000000E+00 |  0.3600384508043313E+00 | -0.3600384508043313E+00 | -0.5143406440061873E-01 |  0.2777777777777776E-01 | 0000000077 |       16 |        2 |        1
 0.2000000000000000E+01 |  0.3781825094130139E-02 |  0.0000000000000000E+00 |  0.3600384508043313E+00 | -0.3600384508043313E+00 | -0.5143406440061873E-01 |  0.2777777777777776E-01 | 0000000078 |       16 |        3 |        1
 0.2000000000000000E+01 |  0.9075374854417344E-01 |  0.0000000000000000E+00 |  0.3600384508043313E+00 | -0.3600384508043313E+00 | -0.5143406440061873E-01 |  0.2777777777777776E-01 | 0000000079 |       16 |        4 |        1
 0.0000000000000000E+00 |  0.2276555519192958E+00 |  0.0000000000000000E+00 |  0.3600384508043313E+00 | -0.3600384508043313E+00 | -0.5143406440061873E-01 |  0.2777777777777776E-01 | 0000000080 |       16 |        5 |        1
 0.2000000000000000E+01 | -0.1986050976433950E+00 |  0.0000000000000000E+00 |  0.3600384508043313E+00 | -0.2571703220030938E+00 | -0.2571703220030938E+00 |  0.2777777777777776E-01 | 0000000081 |       17 |        1 |        1
 0.2000000000000000E+01 | -0.1006345813350640E+00 |  0.0000000000000000E+00 |  0.3600384508043313E+00 | -0.2571703220030938E+00 | -0.2571703220030938E+00 |  0.2777777777777776E-01 | 0000000082 |       17 |        2 |        1
 0.2000000000000000E+01 |  0.8881365781576772E-01 |  0.0000000000000000E+00 |  0.3600384508043313E+00 | -0.2571703220030938E+00 | -0.2571703220030938E+00 |  0.2777777777777776E-01 | 0000000083 |       17 |        3 |        1
 0.2000000000000000E+01 |  0.1037497518497740E+00 |  0.0000000000000000E+00 |  0.3600384508043313E+00 | -0.2571703220030938E+00 | -0.2571703220030938E+00 |  0.2777777777777776E-01 | 0000000084 |       17 |        4 |        1
 0.0000000000000000E+00 |  0.2314303486134145E+00 |  0.0000000000000000E+00 |  0.3600384508043313E+00 | -0.2571703220030938E+00 | -0.2571703220030938E+00 |  0.2777777777777776E-01 | 0000000085 |       17 |        5 |        1
 0.2000000000000000E+01 | -0.1859591424040936E+00 |  0.0000000000000000E+00 |  0.4629065796055688E+00 | -0.1543021932018563E+00 | -0.1543021932018563E+00 |  0.2777777777777776E-01 | 0000000086 |       18 |        1 |        1
 0.2000000000000000E+01 | -0.8043351528547320E-01 |  0.0000000000000000E+00 |  0.4629065796055688E+00 | -0.1543021932018563E+00 | -0.1543021932018563E+00 |  0.2777777777777776E-01 | 0000000087 |       18 |        2 |        1
 0.2000000000000000E+01 |  0.2224819995114805E-01 |  0.0000000000000000E+00 |  0.4629065796055688E+00 | -0.1543021932018563E+00 | -0.1543021932018563E+00 |  0.2777777777777776E-01 | 0000000088 |       18 |        3 |        1
 0.2000000000000000E+01 |  0.7251746082837451E-01 |  0.0000000000000000E+00 |  0.4629065796055688E+00 | -0.1543021932018563E+00 | -0.1543021932018563E+00 |  0.2777777777777776E-01 | 0000000089 |       18 |        4 |        1
 0.0000000000000000E+00 |  0.2083081082344366E+00 |  0.0000000000000000E+00 |  0.4629065796055688E+00 | -0.1543021932018563E+00 | -0.1543021932018563E+00 |  0.2777777777777776E-01 | 0000000090 |       18 |        5 |        1
 0.2000000000000000E+01 | -0.1897919314643722E+00 |  0.0000000000000000E+00 |  0.3600384508043313E+00 | -0.3600384508043313E+00 | -0.1543021932018563E+00 |  0.2777777777777776E-01 | 0000000091 |       19 |        1 |        1
 0.2000000000000000E+01 | -0.9628958013174226E-01 |  0.0000000000000000E+00 |  0.3600384508043313E+00 | -0.3600384508043313E+00 | -0.1543021932018563E+00 |  0.2777777777777776E-01 | 0000000092 |       19 |        2 |        1
 0.2000000000000000E+01 |  0.4328089794801349E-01 |  0.0000000000000000E+00 |  0.3600384508043313E+00 | -0.3600384508043313E+00 | -0.1543021932018563E+00 |  0.2777777777777776E-01 | 0000000093 |       19 |        3 |        1
 0.2000000000000000E+01 |  0.9557936154061965E-01 |  0.0000000000000000E+00 |  0.3600384508043313E+00 | -0.3600384508043313E+00 | -0.1543021932018563E+00 |  0.2777777777777776E-01 | 0000000094 |       19 |        4 |        1
 0.0000000000000000E+00 |  0.2344052687631656E+00 |  0.0000000000000000E+00 |  0.3600384508043313E+00 | -0.3600384508043313E+00 | -0.1543021932018563E+00 |  0.2777777777777776E-01 | 0000000095 |       19 |        5 |        1
 0.2000000000000000E+01 | -0.1807654222853873E+00 |  0.0000000000000000E+00 |  0.4629065796055687E+00 | -0.2571703220030938E+00 | -0.1543021932018562E+00 |  0.5555555555555550E-01 | 0000000096 |       20 |        1 |        1
 0.2000000000000000E+01 | -0.9435832596425270E-01 |  0.0000000000000000E+00 |  0.4629065796055687E+00 | -0.2571703220030938E+00 | -0.1543021932018562E+00 |  0.5555555555555550E-01 | 0000000097 |       20 |        2 |        1
 0.2000000000000000E+01 |  0.2510873243473207E-01 |  0.0000000000000000E+00 |  0.4629065796055687E+00 | -0.2571703220030938E+00 | -0.1543021932018562E+00 |  0.5555555555555550E-01 | 0000000098 |       20 |        3 |        1
 0.2000000000000000E+01 |  0.7450646023835157E-01 |  0.0000000000000000E+00 |  0.4629065796055687E+00 | -0.2571703220030938E+00 | -0.1543021932018562E+00 |  0.5555555555555550E-01 | 0000000099 |       20 |        4 |        1
 0.0000000000000000E+00 |  0.2406637947816175E+00 |  0.0000000000000000E+00 |  0.4629065796055687E+00 | -0.2571703220030938E+00 | -0.1543021932018562E+00 |  0.5555555555555550E-01 | 0000000100 |       20 |        5 |        1
 0.2000000000000000E+01 | -0.1785970951115653E+00 |  0.0000000000000000E+00 |  0.4629065796055687E+00 | -0.2571703220030938E+00 | -0.5143406440061878E-01 |  0.5555555555555550E-01 | 0000000101 |       21 |        1 |        1
 0.2000000000000000E+01 | -0.8098384949235078E-01 |  0.0000000000000000E+00 |  0.4629065796055687E+00 | -0.2571703220030938E+00 | -0.5143406440061878E-01 |  0.5555555555555550E-01 | 0000000102 |       21 |        2 |        1
 0.2000000000000000E+01 |  0.7482792729906148E-02 |  0.0000000000000000E+00 |  0.4629065796055687E+00 | -0.2571703220030938E+00 | -0.5143406440061878E-01 |  0.5555555555555550E-01 | 0000000103 |       21 |        3 |        1
 0.2000000000000000E+01 |  0.5584526999053134E-01 |  0.0000000000000000E+00 |  0.4629065796055687E+00 | -0.2571703220030938E+00 | -0.5143406440061878E-01 |  0.5555555555555550E-01 | 0000000104 |       21 |        4 |        1
 0.0000000000000000E+00 |  0.2721116849314065E+00 |  0.0000000000000000E+00 |  0.4629065796055687E+00 | -0.2571703220030938E+00 | -0.5143406440061878E-01 |  0.5555555555555550E-01 | 0000000105 |       21 |        5 |        1
 0.2000000000000000E+01 | -0.1902836648882076E+00 |  0.0000000000000000E+00 |  0.5143406440061875E-01 |  0.1543021932018562E+00 | -0.4629065796055687E+00 |  0.5555555555555550E-01 | 0000000106 |       22 |        1 |        1
 0.2000000000000000E+01 | -0.6599265840136907E-01 |  0.0000000000000000E+00 |  0.5143406440061875E-01 |  0.1543021932018562E+00 | -0.4629065796055687E+00 |  0.5555555555555550E-01 | 0000000107 |       22 |        2 |        1
 0.2000000000000000E+01 |  0.2594771026149716E-01 |  0.0000000000000000E+00 |  0.5143406440061875E-01 |  0.1543021932018562E+00 | -0.4629065796055687E+00 |  0.5555555555555550E-01 | 0000000108 |       22 |        3 |        1
 0.2000000000000000E+01 |  0.5619574079583679E-01 |  0.0000000000000000E+00 |  0.5143406440061875E-01 |  0.1543021932018562E+00 | -0.4629065796055687E+00 |  0.5555555555555550E-01 | 0000000109 |       22 |        4 |        1
 0.0000000000000000E+00 |  0.2161939838015161E+00 |  0.0000000000000000E+00 |  0.5143406440061875E-01 |  0.1543021932018562E+00 | -0.4629065796055687E+00 |  0.5555555555555550E-01 | 0000000110 |       22 |        5 |        1
 0.2000000000000000E+01 | -0.1650074716600472E+00 |  0.0000000000000000E+00 |  0.4629065796055687E+00 | -0.3600384508043312E+00 | -0.5143406440061880E-01 |  0.5555555555555550E-01 | 0000000111 |       23 |        1 |        1
 0.2000000000000000E+01 | -0.9585624251671239E-01 |  0.0000000000000000E+00 |  0.4629065796055687E+00 | -0.3600384508043312E+00 | -0.5143406440061880E-01 |  0.5555555555555550E-01 | 0000000112 |       23 |        2 |        1
 0.2000000000000000E+01 | -0.4865376984405538E-02 |  0.0000000000000000E+00 |  0.4629065796055687E+00 | -0.3600384508043312E+00 | -0.5143406440061880E-01 |  0.5555555555555550E-01 | 0000000113 |       23 |        3 |        1
 0.2000000000000000E+01 |  0.6403718858221479E-01 |  0.0000000000000000E+00 |  0.4629065796055687E+00 | -0.3600384508043312E+00 | -0.5143406440061880E-01 |  0.5555555555555550E-01 | 0000000114 |       23 |        4 |        1
 0.0000000000000000E+00 |  0.2315680058382558E+00 |  0.0000000000000000E+00 |  0.4629065796055687E+00 | -0.3600384508043312E+00 | -0.5143406440061880E-01 |  0.5555555555555550E-01 | 0000000115 |       23 |        5 |        1
 0.2000000000000000E+01 | -0.1967738099323598E+00 |  0.0000000000000000E+00 |  0.5143406440061878E-01 |  0.5143406440061878E-01 | -0.4629065796055687E+00 |  0.2777777777777776E-01 | 0000000116 |       24 |        1 |        1
 0.2000000000000000E+01 | -0.5745940290190987E-01 |  0.0000000000000000E+00 |  0.5143406440061878E-01 |  0.5143406440061878E-01 | -0.4629065796055687E+00 |  0.2777777777777776E-01 | 0000000117 |       24 |        2 |        1
 0.2000000000000000E+01 |  0.4588915694708177E-01 |  0.0000000000000000E+00 |  0.5143406440061878E-01 |  0.5143406440061878E-01 | -0.4629065796055687E+00 |  0.2777777777777776E-01 | 0000000118 |       24 |        3 |        1
 0.2000000000000000E+01 |  0.5915962167291707E-01 |  0.0000000000000000E+00 |  0.5143406440061878E-01 |  0.5143406440061878E-01 | -0.4629065796055687E+00 |  0.2777777777777776E-01 | 0000000119 |       24 |        4 |        1
 0.0000000000000000E+00 |  0.1847677917565150E+00 |  0.0000000000000000E+00 |  0.5143406440061878E-01 |  0.5143406440061878E-01 | -0.4629065796055687E+00 |  0.2777777777777776E-01 | 0000000120 |       24 |        5 |        1
 0.2000000000000000E+01 | -0.1550387422463315E+00 |  0.0000000000000000E+00 |  0.4629065796055688E+00 | -0.4629065796055688E+00 | -0.5143406440061885E-01 |  0.2777777777777776E-01 | 0000000121 |       25 |        1 |        1
 0.2000000000000000E+01 | -0.1048203873903126E+00 |  0.0000000000000000E+00 |  0.4629065796055688E+00 | -0.4629065796055688E+00 | -0.5143406440061885E-01 |  0.2777777777777776E-01 | 0000000122 |       25 |        2 |        1
 0.2000000000000000E+01 | -0.4081562056469039E-02 |  0.0000000000000000E+00 |  0.4629065796055688E+00 | -0.4629065796055688E+00 | -0.5143406440061885E-01 |  0.2777777777777776E-01 | 0000000123 |       25 |        3 |        1
 0.2000000000000000E+01 |  0.6520464623487554E-01 |  0.0000000000000000E+00 |  0.4629065796055688E+00 | -0.4629065796055688E+00 | -0.5143406440061885E-01 |  0.2777777777777776E-01 | 0000000124 |       25 |        4 |        1
 0.0000000000000000E+00 |  0.1975929143441380E+00 |  0.0000000000000000E+00 |  0.4629065796055688E+00 | -0.4629065796055688E+00 | -0.5143406440061885E-01 |  0.2777777777777776E-01 | 0000000125 |       25 |        5 |        1
 0.2000000000000000E+01 | -0.1471778340984755E+00 |  0.0000000000000000E+00 |  0.5657747084068062E+00 | -0.2571703220030938E+00 | -0.5143406440061876E-01 |  0.5555555555555550E-01 | 0000000126 |       26 |        1 |        1
 0.2000000000000000E+01 | -0.1078104013661073E+00 |  0.0000000000000000E+00 |  0.5657747084068062E+00 | -0.2571703220030938E+00 | -0.5143406440061876E-01 |  0.5555555555555550E-01 | 0000000127 |       26 |        2 |        1
 0.2000000000000000E+01 |  0.7089477541954426E-03 |  0.0000000000000000E+00 |  0.5657747084068062E+00 | -0.2571703220030938E+00 | -0.5143406440061876E-01 |  0.5555555555555550E-01 | 0000000128 |       26 |        3 |        1
 0.2000000000000000E+01 |  0.3030668956684885E-01 |  0.0000000000000000E+00 |  0.5657747084068062E+00 | -0.2571703220030938E+00 | -0.5143406440061876E-01 |  0.5555555555555550E-01 | 0000000129 |       26 |        4 |        1
 0.0000000000000000E+00 |  0.2644248075728043E+00 |  0.0000000000000000E+00 |  0.5657747084068062E+00 | -0.2571703220030938E+00 | -0.5143406440061876E-01 |  0.5555555555555550E-01 | 0000000130 |       26 |        5 |        1
 0.2000000000000000E+01 | -0.1515387604709345E+00 |  0.0000000000000000E+00 |  0.5143406440061866E-01 |  0.1543021932018563E+00 | -0.5657747084068063E+00 |  0.5555555555555550E-01 | 0000000131 |       27 |        1 |        1
 0.2000000000000000E+01 | -0.1075257809719360E+00 |  0.0000000000000000E+00 |  0.5143406440061866E-01 |  0.1543021932018563E+00 | -0.5657747084068063E+00 |  0.5555555555555550E-01 | 0000000132 |       27 |        2 |        1
 0.2000000000000000E+01 |  0.1340040740285819E-01 |  0.0000000000000000E+00 |  0.5143406440061866E-01 |  0.1543021932018563E+00 | -0.5657747084068063E+00 |  0.5555555555555550E-01 | 0000000133 |       27 |        3 |        1
 0.2000000000000000E+01 |  0.4334596881593426E-01 |  0.0000000000000000E+00 |  0.5143406440061866E-01 |  0.1543021932018563E+00 | -0.5657747084068063E+00 |  0.5555555555555550E-01 | 0000000134 |       27 |        4 |        1
 0.0000000000000000E+00 |  0.2079458816942347E+00 |  0.0000000000000000E+00 |  0.5143406440061866E-01 |  0.1543021932018563E+00 | -0.5657747084068063E+00 |  0.5555555555555550E-01 | 0000000135 |       27 |        5 |        1
 0.2000000000000000E+01 | -0.1552379742882356E+00 |  0.0000000000000000E+00 |  0.5143406440061878E-01 |  0.5143406440061878E-01 | -0.5657747084068064E+00 |  0.2777777777777776E-01 | 0000000136 |       28 |        1 |        1
 0.2000000000000000E+01 | -0.1079442894466328E+00 |  0.0000000000000000E+00 |  0.5143406440061878E-01 |  0.5143406440061878E-01 | -0.5657747084068064E+00 |  0.2777777777777776E-01 | 0000000137 |       28 |        2 |        1
 0.2000000000000000E+01 |  0.3567608595239657E-01 |  0.0000000000000000E+00 |  0.5143406440061878E-01 |  0.5143406440061878E-01 | -0.5657747084068064E+00 |  0.2777777777777776E-01 | 0000000138 |       28 |        3 |        1
 0.2000000000000000E+01 |  0.5109164482991352E-01 |  0.0000000000000000E+00 |  0.5143406440061878E-01 |  0.5143406440061878E-01 | -0.5657747084068064E+00 |  0.2777777777777776E-01 | 0000000139 |       28 |        4 |        1
 0.0000000000000000E+00 |  0.1799409690071301E+00 |  0.0000000000000000E+00 |  0.5143406440061878E-01 |  0.5143406440061878E-01 | -0.5657747084068064E+00 |  0.2777777777777776E-01 | 0000000140 |       28 |        5 |        1
%
