#     #k-point            #st            #dim    filename
%Complex_Wavefunctions
       1 |        1 |        1 | "0000000001"
       1 |        2 |        1 | "0000000002"
       1 |        3 |        1 | "0000000003"
       1 |        4 |        1 | "0000000004"
       1 |        5 |        1 | "0000000005"
       2 |        1 |        1 | "0000000006"
       2 |        2 |        1 | "0000000007"
       2 |        3 |        1 | "0000000008"
       2 |        4 |        1 | "0000000009"
       2 |        5 |        1 | "0000000010"
       3 |        1 |        1 | "0000000011"
       3 |        2 |        1 | "0000000012"
       3 |        3 |        1 | "0000000013"
       3 |        4 |        1 | "0000000014"
       3 |        5 |        1 | "0000000015"
       4 |        1 |        1 | "0000000016"
       4 |        2 |        1 | "0000000017"
       4 |        3 |        1 | "0000000018"
       4 |        4 |        1 | "0000000019"
       4 |        5 |        1 | "0000000020"
       5 |        1 |        1 | "0000000021"
       5 |        2 |        1 | "0000000022"
       5 |        3 |        1 | "0000000023"
       5 |        4 |        1 | "0000000024"
       5 |        5 |        1 | "0000000025"
       6 |        1 |        1 | "0000000026"
       6 |        2 |        1 | "0000000027"
       6 |        3 |        1 | "0000000028"
       6 |        4 |        1 | "0000000029"
       6 |        5 |        1 | "0000000030"
       7 |        1 |        1 | "0000000031"
       7 |        2 |        1 | "0000000032"
       7 |        3 |        1 | "0000000033"
       7 |        4 |        1 | "0000000034"
       7 |        5 |        1 | "0000000035"
       8 |        1 |        1 | "0000000036"
       8 |        2 |        1 | "0000000037"
       8 |        3 |        1 | "0000000038"
       8 |        4 |        1 | "0000000039"
       8 |        5 |        1 | "0000000040"
       9 |        1 |        1 | "0000000041"
       9 |        2 |        1 | "0000000042"
       9 |        3 |        1 | "0000000043"
       9 |        4 |        1 | "0000000044"
       9 |        5 |        1 | "0000000045"
      10 |        1 |        1 | "0000000046"
      10 |        2 |        1 | "0000000047"
      10 |        3 |        1 | "0000000048"
      10 |        4 |        1 | "0000000049"
      10 |        5 |        1 | "0000000050"
      11 |        1 |        1 | "0000000051"
      11 |        2 |        1 | "0000000052"
      11 |        3 |        1 | "0000000053"
      11 |        4 |        1 | "0000000054"
      11 |        5 |        1 | "0000000055"
      12 |        1 |        1 | "0000000056"
      12 |        2 |        1 | "0000000057"
      12 |        3 |        1 | "0000000058"
      12 |        4 |        1 | "0000000059"
      12 |        5 |        1 | "0000000060"
      13 |        1 |        1 | "0000000061"
      13 |        2 |        1 | "0000000062"
      13 |        3 |        1 | "0000000063"
      13 |        4 |        1 | "0000000064"
      13 |        5 |        1 | "0000000065"
      14 |        1 |        1 | "0000000066"
      14 |        2 |        1 | "0000000067"
      14 |        3 |        1 | "0000000068"
      14 |        4 |        1 | "0000000069"
      14 |        5 |        1 | "0000000070"
      15 |        1 |        1 | "0000000071"
      15 |        2 |        1 | "0000000072"
      15 |        3 |        1 | "0000000073"
      15 |        4 |        1 | "0000000074"
      15 |        5 |        1 | "0000000075"
      16 |        1 |        1 | "0000000076"
      16 |        2 |        1 | "0000000077"
      16 |        3 |        1 | "0000000078"
      16 |        4 |        1 | "0000000079"
      16 |        5 |        1 | "0000000080"
      17 |        1 |        1 | "0000000081"
      17 |        2 |        1 | "0000000082"
      17 |        3 |        1 | "0000000083"
      17 |        4 |        1 | "0000000084"
      17 |        5 |        1 | "0000000085"
      18 |        1 |        1 | "0000000086"
      18 |        2 |        1 | "0000000087"
      18 |        3 |        1 | "0000000088"
      18 |        4 |        1 | "0000000089"
      18 |        5 |        1 | "0000000090"
      19 |        1 |        1 | "0000000091"
      19 |        2 |        1 | "0000000092"
      19 |        3 |        1 | "0000000093"
      19 |        4 |        1 | "0000000094"
      19 |        5 |        1 | "0000000095"
      20 |        1 |        1 | "0000000096"
      20 |        2 |        1 | "0000000097"
      20 |        3 |        1 | "0000000098"
      20 |        4 |        1 | "0000000099"
      20 |        5 |        1 | "0000000100"
      21 |        1 |        1 | "0000000101"
      21 |        2 |        1 | "0000000102"
      21 |        3 |        1 | "0000000103"
      21 |        4 |        1 | "0000000104"
      21 |        5 |        1 | "0000000105"
      22 |        1 |        1 | "0000000106"
      22 |        2 |        1 | "0000000107"
      22 |        3 |        1 | "0000000108"
      22 |        4 |        1 | "0000000109"
      22 |        5 |        1 | "0000000110"
      23 |        1 |        1 | "0000000111"
      23 |        2 |        1 | "0000000112"
      23 |        3 |        1 | "0000000113"
      23 |        4 |        1 | "0000000114"
      23 |        5 |        1 | "0000000115"
      24 |        1 |        1 | "0000000116"
      24 |        2 |        1 | "0000000117"
      24 |        3 |        1 | "0000000118"
      24 |        4 |        1 | "0000000119"
      24 |        5 |        1 | "0000000120"
      25 |        1 |        1 | "0000000121"
      25 |        2 |        1 | "0000000122"
      25 |        3 |        1 | "0000000123"
      25 |        4 |        1 | "0000000124"
      25 |        5 |        1 | "0000000125"
      26 |        1 |        1 | "0000000126"
      26 |        2 |        1 | "0000000127"
      26 |        3 |        1 | "0000000128"
      26 |        4 |        1 | "0000000129"
      26 |        5 |        1 | "0000000130"
      27 |        1 |        1 | "0000000131"
      27 |        2 |        1 | "0000000132"
      27 |        3 |        1 | "0000000133"
      27 |        4 |        1 | "0000000134"
      27 |        5 |        1 | "0000000135"
      28 |        1 |        1 | "0000000136"
      28 |        2 |        1 | "0000000137"
      28 |        3 |        1 | "0000000138"
      28 |        4 |        1 | "0000000139"
      28 |        5 |        1 | "0000000140"
%
Iter =      11
