# occupations | eigenvalue[a.u.] | Im(eigenvalue) [a.u.] | k-points | k-weights | filename | ik | ist | idim
%Occupations_Eigenvalues_K-Points
 0.2000000000000000E+01 | -0.8785870725269331E+00 |  0.0000000000000000E+00 |  0.0000000000000000E+00 |  0.0000000000000000E+00 |  0.0000000000000000E+00 |  0.3906250000000000E-02 | 0000000001 |        1 |        1 |        1
 0.2000000000000000E+01 | -0.4490076865649193E+00 |  0.0000000000000000E+00 |  0.0000000000000000E+00 |  0.0000000000000000E+00 |  0.0000000000000000E+00 |  0.3906250000000000E-02 | 0000000002 |        1 |        2 |        1
 0.2000000000000000E+01 | -0.2791216886770302E+00 |  0.0000000000000000E+00 |  0.0000000000000000E+00 |  0.0000000000000000E+00 |  0.0000000000000000E+00 |  0.3906250000000000E-02 | 0000000003 |        1 |        3 |        1
 0.2000000000000000E+01 | -0.2791216859842829E+00 |  0.0000000000000000E+00 |  0.0000000000000000E+00 |  0.0000000000000000E+00 |  0.0000000000000000E+00 |  0.3906250000000000E-02 | 0000000004 |        1 |        4 |        1
 0.2000000000000000E+01 | -0.8751964988458207E+00 |  0.0000000000000000E+00 |  0.8449131025596655E-01 |  0.4878108072046648E-01 |  0.0000000000000000E+00 |  0.2343750000000000E-01 | 0000000005 |        2 |        1 |        1
 0.2000000000000000E+01 | -0.4449210483921587E+00 |  0.0000000000000000E+00 |  0.8449131025596655E-01 |  0.4878108072046648E-01 |  0.0000000000000000E+00 |  0.2343750000000000E-01 | 0000000006 |        2 |        2 |        1
 0.2000000000000000E+01 | -0.2925200597315755E+00 |  0.0000000000000000E+00 |  0.8449131025596655E-01 |  0.4878108072046648E-01 |  0.0000000000000000E+00 |  0.2343750000000000E-01 | 0000000007 |        2 |        3 |        1
 0.2000000000000000E+01 | -0.2863610025617666E+00 |  0.0000000000000000E+00 |  0.8449131025596655E-01 |  0.4878108072046648E-01 |  0.0000000000000000E+00 |  0.2343750000000000E-01 | 0000000008 |        2 |        4 |        1
 0.2000000000000000E+01 | -0.8684256869122755E+00 |  0.0000000000000000E+00 |  0.8449131025596655E-01 |  0.1463432421613994E+00 |  0.0000000000000000E+00 |  0.2343750000000000E-01 | 0000000009 |        3 |        1 |        1
 0.2000000000000000E+01 | -0.4367761166795603E+00 |  0.0000000000000000E+00 |  0.8449131025596655E-01 |  0.1463432421613994E+00 |  0.0000000000000000E+00 |  0.2343750000000000E-01 | 0000000010 |        3 |        2 |        1
 0.2000000000000000E+01 | -0.3158039285572236E+00 |  0.0000000000000000E+00 |  0.8449131025596655E-01 |  0.1463432421613994E+00 |  0.0000000000000000E+00 |  0.2343750000000000E-01 | 0000000011 |        3 |        3 |        1
 0.2000000000000000E+01 | -0.3008508982466029E+00 |  0.0000000000000000E+00 |  0.8449131025596655E-01 |  0.1463432421613994E+00 |  0.0000000000000000E+00 |  0.2343750000000000E-01 | 0000000012 |        3 |        4 |        1
 0.2000000000000000E+01 | -0.8650453652644390E+00 |  0.0000000000000000E+00 |  0.1689826205119331E+00 |  0.9756216144093295E-01 |  0.0000000000000000E+00 |  0.2343750000000000E-01 | 0000000013 |        4 |        1 |        1
 0.2000000000000000E+01 | -0.4327191723130210E+00 |  0.0000000000000000E+00 |  0.1689826205119331E+00 |  0.9756216144093295E-01 |  0.0000000000000000E+00 |  0.2343750000000000E-01 | 0000000014 |        4 |        2 |        1
 0.2000000000000000E+01 | -0.3287166667206014E+00 |  0.0000000000000000E+00 |  0.1689826205119331E+00 |  0.9756216144093295E-01 |  0.0000000000000000E+00 |  0.2343750000000000E-01 | 0000000015 |        4 |        3 |        1
 0.2000000000000000E+01 | -0.3050453420584412E+00 |  0.0000000000000000E+00 |  0.1689826205119331E+00 |  0.9756216144093295E-01 |  0.0000000000000000E+00 |  0.2343750000000000E-01 | 0000000016 |        4 |        4 |        1
 0.2000000000000000E+01 | -0.8549266325845748E+00 |  0.0000000000000000E+00 |  0.1689826205119331E+00 |  0.1951243228818659E+00 |  0.0000000000000000E+00 |  0.4687500000000000E-01 | 0000000017 |        5 |        1 |        1
 0.2000000000000000E+01 | -0.4206069732428650E+00 |  0.0000000000000000E+00 |  0.1689826205119331E+00 |  0.1951243228818659E+00 |  0.0000000000000000E+00 |  0.4687500000000000E-01 | 0000000018 |        5 |        2 |        1
 0.2000000000000000E+01 | -0.3565561509260138E+00 |  0.0000000000000000E+00 |  0.1689826205119331E+00 |  0.1951243228818659E+00 |  0.0000000000000000E+00 |  0.4687500000000000E-01 | 0000000019 |        5 |        3 |        1
 0.2000000000000000E+01 | -0.3249853083681089E+00 |  0.0000000000000000E+00 |  0.1689826205119331E+00 |  0.1951243228818659E+00 |  0.0000000000000000E+00 |  0.4687500000000000E-01 | 0000000020 |        5 |        4 |        1
 0.2000000000000000E+01 | -0.8381389075710370E+00 |  0.0000000000000000E+00 |  0.1689826205119331E+00 |  0.2926864843227989E+00 |  0.0000000000000000E+00 |  0.2343750000000000E-01 | 0000000021 |        6 |        1 |        1
 0.2000000000000000E+01 | -0.4006329933213194E+00 |  0.0000000000000000E+00 |  0.1689826205119331E+00 |  0.2926864843227989E+00 |  0.0000000000000000E+00 |  0.2343750000000000E-01 | 0000000022 |        6 |        2 |        1
 0.2000000000000000E+01 | -0.3934503646019902E+00 |  0.0000000000000000E+00 |  0.1689826205119331E+00 |  0.2926864843227989E+00 |  0.0000000000000000E+00 |  0.2343750000000000E-01 | 0000000023 |        6 |        3 |        1
 0.2000000000000000E+01 | -0.3567807317665682E+00 |  0.0000000000000000E+00 |  0.1689826205119331E+00 |  0.2926864843227989E+00 |  0.0000000000000000E+00 |  0.2343750000000000E-01 | 0000000024 |        6 |        4 |        1
 0.2000000000000000E+01 | -0.8481977732041077E+00 |  0.0000000000000000E+00 |  0.2534739307678996E+00 |  0.1463432421613994E+00 |  0.0000000000000000E+00 |  0.2343750000000000E-01 | 0000000025 |        7 |        1 |        1
 0.2000000000000000E+01 | -0.4125951633232930E+00 |  0.0000000000000000E+00 |  0.2534739307678996E+00 |  0.1463432421613994E+00 |  0.0000000000000000E+00 |  0.2343750000000000E-01 | 0000000026 |        7 |        2 |        1
 0.2000000000000000E+01 | -0.3794836899021939E+00 |  0.0000000000000000E+00 |  0.2534739307678996E+00 |  0.1463432421613994E+00 |  0.0000000000000000E+00 |  0.2343750000000000E-01 | 0000000027 |        7 |        3 |        1
 0.2000000000000000E+01 | -0.3290743738864163E+00 |  0.0000000000000000E+00 |  0.2534739307678996E+00 |  0.1463432421613994E+00 |  0.0000000000000000E+00 |  0.2343750000000000E-01 | 0000000028 |        7 |        4 |        1
 0.2000000000000000E+01 | -0.8347896877648355E+00 |  0.0000000000000000E+00 |  0.2534739307678996E+00 |  0.2439054036023324E+00 |  0.0000000000000000E+00 |  0.4687500000000000E-01 | 0000000029 |        8 |        1 |        1
 0.2000000000000000E+01 | -0.4090524474575598E+00 |  0.0000000000000000E+00 |  0.2534739307678996E+00 |  0.2439054036023324E+00 |  0.0000000000000000E+00 |  0.4687500000000000E-01 | 0000000030 |        8 |        2 |        1
 0.2000000000000000E+01 | -0.3966960414746792E+00 |  0.0000000000000000E+00 |  0.2534739307678996E+00 |  0.2439054036023324E+00 |  0.0000000000000000E+00 |  0.4687500000000000E-01 | 0000000031 |        8 |        3 |        1
 0.2000000000000000E+01 | -0.3510329171371578E+00 |  0.0000000000000000E+00 |  0.2534739307678996E+00 |  0.2439054036023324E+00 |  0.0000000000000000E+00 |  0.4687500000000000E-01 | 0000000032 |        8 |        4 |        1
 0.2000000000000000E+01 | -0.8148086105738830E+00 |  0.0000000000000000E+00 |  0.2534739307678996E+00 |  0.3414675650432654E+00 |  0.0000000000000000E+00 |  0.4687500000000000E-01 | 0000000033 |        9 |        1 |        1
 0.2000000000000000E+01 | -0.4404880515656772E+00 |  0.0000000000000000E+00 |  0.2534739307678996E+00 |  0.3414675650432654E+00 |  0.0000000000000000E+00 |  0.4687500000000000E-01 | 0000000034 |        9 |        2 |        1
 0.2000000000000000E+01 | -0.3878927925104538E+00 |  0.0000000000000000E+00 |  0.2534739307678996E+00 |  0.3414675650432654E+00 |  0.0000000000000000E+00 |  0.4687500000000000E-01 | 0000000035 |        9 |        3 |        1
 0.2000000000000000E+01 | -0.3731929552825302E+00 |  0.0000000000000000E+00 |  0.2534739307678996E+00 |  0.3414675650432654E+00 |  0.0000000000000000E+00 |  0.4687500000000000E-01 | 0000000036 |        9 |        4 |        1
 0.2000000000000000E+01 | -0.8247698493021842E+00 |  0.0000000000000000E+00 |  0.3379652410238662E+00 |  0.1951243228818659E+00 |  0.0000000000000000E+00 |  0.2343750000000000E-01 | 0000000037 |       10 |        1 |        1
 0.2000000000000000E+01 | -0.4374991605491659E+00 |  0.0000000000000000E+00 |  0.3379652410238662E+00 |  0.1951243228818659E+00 |  0.0000000000000000E+00 |  0.2343750000000000E-01 | 0000000038 |       10 |        2 |        1
 0.2000000000000000E+01 | -0.3849508096092950E+00 |  0.0000000000000000E+00 |  0.3379652410238662E+00 |  0.1951243228818659E+00 |  0.0000000000000000E+00 |  0.2343750000000000E-01 | 0000000039 |       10 |        3 |        1
 0.2000000000000000E+01 | -0.3532684323838416E+00 |  0.0000000000000000E+00 |  0.3379652410238662E+00 |  0.1951243228818659E+00 |  0.0000000000000000E+00 |  0.2343750000000000E-01 | 0000000040 |       10 |        4 |        1
 0.2000000000000000E+01 | -0.8081670833541104E+00 |  0.0000000000000000E+00 |  0.3379652410238662E+00 |  0.2926864843227989E+00 |  0.0000000000000000E+00 |  0.4687500000000000E-01 | 0000000041 |       11 |        1 |        1
 0.2000000000000000E+01 | -0.4671427185983422E+00 |  0.0000000000000000E+00 |  0.3379652410238662E+00 |  0.2926864843227989E+00 |  0.0000000000000000E+00 |  0.4687500000000000E-01 | 0000000042 |       11 |        2 |        1
 0.2000000000000000E+01 | -0.3747144059790453E+00 |  0.0000000000000000E+00 |  0.3379652410238662E+00 |  0.2926864843227989E+00 |  0.0000000000000000E+00 |  0.4687500000000000E-01 | 0000000043 |       11 |        3 |        1
 0.2000000000000000E+01 | -0.3656080137361688E+00 |  0.0000000000000000E+00 |  0.3379652410238662E+00 |  0.2926864843227989E+00 |  0.0000000000000000E+00 |  0.4687500000000000E-01 | 0000000044 |       11 |        4 |        1
 0.2000000000000000E+01 | -0.7884357487170508E+00 |  0.0000000000000000E+00 |  0.2534739307678996E+00 |  0.4390297264841983E+00 |  0.0000000000000000E+00 |  0.2343750000000000E-01 | 0000000045 |       12 |        1 |        1
 0.2000000000000000E+01 | -0.4757371766850120E+00 |  0.0000000000000000E+00 |  0.2534739307678996E+00 |  0.4390297264841983E+00 |  0.0000000000000000E+00 |  0.2343750000000000E-01 | 0000000046 |       12 |        2 |        1
 0.2000000000000000E+01 | -0.4277918869008027E+00 |  0.0000000000000000E+00 |  0.2534739307678996E+00 |  0.4390297264841983E+00 |  0.0000000000000000E+00 |  0.2343750000000000E-01 | 0000000047 |       12 |        3 |        1
 0.2000000000000000E+01 | -0.3426251226177661E+00 |  0.0000000000000000E+00 |  0.2534739307678996E+00 |  0.4390297264841983E+00 |  0.0000000000000000E+00 |  0.2343750000000000E-01 | 0000000048 |       12 |        4 |        1
 0.2000000000000000E+01 | -0.7851440141499092E+00 |  0.0000000000000000E+00 |  0.3379652410238662E+00 |  0.3902486457637318E+00 |  0.0000000000000000E+00 |  0.4687500000000000E-01 | 0000000049 |       13 |        1 |        1
 0.2000000000000000E+01 | -0.4947993834788565E+00 |  0.0000000000000000E+00 |  0.3379652410238662E+00 |  0.3902486457637318E+00 |  0.0000000000000000E+00 |  0.4687500000000000E-01 | 0000000050 |       13 |        2 |        1
 0.2000000000000000E+01 | -0.4123317198904766E+00 |  0.0000000000000000E+00 |  0.3379652410238662E+00 |  0.3902486457637318E+00 |  0.0000000000000000E+00 |  0.4687500000000000E-01 | 0000000051 |       13 |        3 |        1
 0.2000000000000000E+01 | -0.3390724163494067E+00 |  0.0000000000000000E+00 |  0.3379652410238662E+00 |  0.3902486457637318E+00 |  0.0000000000000000E+00 |  0.4687500000000000E-01 | 0000000052 |       13 |        4 |        1
 0.2000000000000000E+01 | -0.7949517693619006E+00 |  0.0000000000000000E+00 |  0.4224565512798328E+00 |  0.2439054036023324E+00 |  0.0000000000000000E+00 |  0.2343750000000000E-01 | 0000000053 |       14 |        1 |        1
 0.2000000000000000E+01 | -0.4977524367438728E+00 |  0.0000000000000000E+00 |  0.4224565512798328E+00 |  0.2439054036023324E+00 |  0.0000000000000000E+00 |  0.2343750000000000E-01 | 0000000054 |       14 |        2 |        1
 0.2000000000000000E+01 | -0.3743339864111525E+00 |  0.0000000000000000E+00 |  0.4224565512798328E+00 |  0.2439054036023324E+00 |  0.0000000000000000E+00 |  0.2343750000000000E-01 | 0000000055 |       14 |        3 |        1
 0.2000000000000000E+01 | -0.3506040874145140E+00 |  0.0000000000000000E+00 |  0.4224565512798328E+00 |  0.2439054036023324E+00 |  0.0000000000000000E+00 |  0.2343750000000000E-01 | 0000000056 |       14 |        4 |        1
 0.2000000000000000E+01 | -0.7559747250494264E+00 |  0.0000000000000000E+00 |  0.3379652410238662E+00 |  0.4878108072046647E+00 |  0.0000000000000000E+00 |  0.4687500000000000E-01 | 0000000057 |       15 |        1 |        1
 0.2000000000000000E+01 | -0.5203292131764221E+00 |  0.0000000000000000E+00 |  0.3379652410238662E+00 |  0.4878108072046647E+00 |  0.0000000000000000E+00 |  0.4687500000000000E-01 | 0000000058 |       15 |        2 |        1
 0.2000000000000000E+01 | -0.4573043484639230E+00 |  0.0000000000000000E+00 |  0.3379652410238662E+00 |  0.4878108072046647E+00 |  0.0000000000000000E+00 |  0.4687500000000000E-01 | 0000000059 |       15 |        3 |        1
 0.2000000000000000E+01 | -0.3060612546653904E+00 |  0.0000000000000000E+00 |  0.3379652410238662E+00 |  0.4878108072046647E+00 |  0.0000000000000000E+00 |  0.4687500000000000E-01 | 0000000060 |       15 |        4 |        1
 0.2000000000000000E+01 | -0.7753114346272907E+00 |  0.0000000000000000E+00 |  0.4224565512798328E+00 |  0.3414675650432653E+00 |  0.0000000000000000E+00 |  0.4687500000000000E-01 | 0000000061 |       16 |        1 |        1
 0.2000000000000000E+01 | -0.5263504955870075E+00 |  0.0000000000000000E+00 |  0.4224565512798328E+00 |  0.3414675650432653E+00 |  0.0000000000000000E+00 |  0.4687500000000000E-01 | 0000000062 |       16 |        2 |        1
 0.2000000000000000E+01 | -0.3937921648256934E+00 |  0.0000000000000000E+00 |  0.4224565512798328E+00 |  0.3414675650432653E+00 |  0.0000000000000000E+00 |  0.4687500000000000E-01 | 0000000063 |       16 |        3 |        1
 0.2000000000000000E+01 | -0.3285423320077210E+00 |  0.0000000000000000E+00 |  0.4224565512798328E+00 |  0.3414675650432653E+00 |  0.0000000000000000E+00 |  0.4687500000000000E-01 | 0000000064 |       16 |        4 |        1
 0.2000000000000000E+01 | -0.7495114905859509E+00 |  0.0000000000000000E+00 |  0.4224565512798328E+00 |  0.4390297264841982E+00 |  0.0000000000000000E+00 |  0.4687500000000000E-01 | 0000000065 |       17 |        1 |        1
 0.2000000000000000E+01 | -0.5509449352232401E+00 |  0.0000000000000000E+00 |  0.4224565512798328E+00 |  0.4390297264841982E+00 |  0.0000000000000000E+00 |  0.4687500000000000E-01 | 0000000066 |       17 |        2 |        1
 0.2000000000000000E+01 | -0.4297863643374456E+00 |  0.0000000000000000E+00 |  0.4224565512798328E+00 |  0.4390297264841982E+00 |  0.0000000000000000E+00 |  0.4687500000000000E-01 | 0000000067 |       17 |        3 |        1
 0.2000000000000000E+01 | -0.3000427124119822E+00 |  0.0000000000000000E+00 |  0.4224565512798328E+00 |  0.4390297264841982E+00 |  0.0000000000000000E+00 |  0.4687500000000000E-01 | 0000000068 |       17 |        4 |        1
 0.2000000000000000E+01 | -0.7211450856646393E+00 |  0.0000000000000000E+00 |  0.3379652410238662E+00 |  0.5853729686455977E+00 |  0.0000000000000000E+00 |  0.2343750000000000E-01 | 0000000069 |       18 |        1 |        1
 0.2000000000000000E+01 | -0.5485706836149304E+00 |  0.0000000000000000E+00 |  0.3379652410238662E+00 |  0.5853729686455977E+00 |  0.0000000000000000E+00 |  0.2343750000000000E-01 | 0000000070 |       18 |        2 |        1
 0.2000000000000000E+01 | -0.4974094190440651E+00 |  0.0000000000000000E+00 |  0.3379652410238662E+00 |  0.5853729686455977E+00 |  0.0000000000000000E+00 |  0.2343750000000000E-01 | 0000000071 |       18 |        3 |        1
 0.2000000000000000E+01 | -0.2679383760131878E+00 |  0.0000000000000000E+00 |  0.3379652410238662E+00 |  0.5853729686455977E+00 |  0.0000000000000000E+00 |  0.2343750000000000E-01 | 0000000072 |       18 |        4 |        1
 0.2000000000000000E+01 | -0.7180243169458050E+00 |  0.0000000000000000E+00 |  0.4224565512798328E+00 |  0.5365918879251312E+00 |  0.0000000000000000E+00 |  0.4687500000000000E-01 | 0000000073 |       19 |        1 |        1
 0.2000000000000000E+01 | -0.5708829501126405E+00 |  0.0000000000000000E+00 |  0.4224565512798328E+00 |  0.5365918879251312E+00 |  0.0000000000000000E+00 |  0.4687500000000000E-01 | 0000000074 |       19 |        2 |        1
 0.2000000000000000E+01 | -0.4745296539027251E+00 |  0.0000000000000000E+00 |  0.4224565512798328E+00 |  0.5365918879251312E+00 |  0.0000000000000000E+00 |  0.4687500000000000E-01 | 0000000075 |       19 |        3 |        1
 0.2000000000000000E+01 | -0.2660911606507625E+00 |  0.0000000000000000E+00 |  0.4224565512798328E+00 |  0.5365918879251312E+00 |  0.0000000000000000E+00 |  0.4687500000000000E-01 | 0000000076 |       19 |        4 |        1
 0.2000000000000000E+01 | -0.7590778541420138E+00 |  0.0000000000000000E+00 |  0.5069478615357993E+00 |  0.2926864843227989E+00 |  0.0000000000000000E+00 |  0.2343750000000000E-01 | 0000000077 |       20 |        1 |        1
 0.2000000000000000E+01 | -0.5569826439114751E+00 |  0.0000000000000000E+00 |  0.5069478615357993E+00 |  0.2926864843227989E+00 |  0.0000000000000000E+00 |  0.2343750000000000E-01 | 0000000078 |       20 |        2 |        1
 0.2000000000000000E+01 | -0.3903740269324042E+00 |  0.0000000000000000E+00 |  0.5069478615357993E+00 |  0.2926864843227989E+00 |  0.0000000000000000E+00 |  0.2343750000000000E-01 | 0000000079 |       20 |        3 |        1
 0.2000000000000000E+01 | -0.3114478736901978E+00 |  0.0000000000000000E+00 |  0.5069478615357993E+00 |  0.2926864843227989E+00 |  0.0000000000000000E+00 |  0.2343750000000000E-01 | 0000000080 |       20 |        4 |        1
 0.2000000000000000E+01 | -0.7367290065597825E+00 |  0.0000000000000000E+00 |  0.5069478615357993E+00 |  0.3902486457637318E+00 |  0.0000000000000000E+00 |  0.4687500000000000E-01 | 0000000081 |       21 |        1 |        1
 0.2000000000000000E+01 | -0.5836349439810344E+00 |  0.0000000000000000E+00 |  0.5069478615357993E+00 |  0.3902486457637318E+00 |  0.0000000000000000E+00 |  0.4687500000000000E-01 | 0000000082 |       21 |        2 |        1
 0.2000000000000000E+01 | -0.4070417323271849E+00 |  0.0000000000000000E+00 |  0.5069478615357993E+00 |  0.3902486457637318E+00 |  0.0000000000000000E+00 |  0.4687500000000000E-01 | 0000000083 |       21 |        3 |        1
 0.2000000000000000E+01 | -0.2885812231299293E+00 |  0.0000000000000000E+00 |  0.5069478615357993E+00 |  0.3902486457637318E+00 |  0.0000000000000000E+00 |  0.4687500000000000E-01 | 0000000084 |       21 |        4 |        1
 0.2000000000000000E+01 | -0.7088541266206064E+00 |  0.0000000000000000E+00 |  0.5069478615357993E+00 |  0.4878108072046647E+00 |  0.0000000000000000E+00 |  0.4687500000000000E-01 | 0000000085 |       22 |        1 |        1
 0.2000000000000000E+01 | -0.6048747578459218E+00 |  0.0000000000000000E+00 |  0.5069478615357993E+00 |  0.4878108072046647E+00 |  0.0000000000000000E+00 |  0.4687500000000000E-01 | 0000000086 |       22 |        2 |        1
 0.2000000000000000E+01 | -0.4403121122479963E+00 |  0.0000000000000000E+00 |  0.5069478615357993E+00 |  0.4878108072046647E+00 |  0.0000000000000000E+00 |  0.4687500000000000E-01 | 0000000087 |       22 |        3 |        1
 0.2000000000000000E+01 | -0.2612954814359526E+00 |  0.0000000000000000E+00 |  0.5069478615357993E+00 |  0.4878108072046647E+00 |  0.0000000000000000E+00 |  0.4687500000000000E-01 | 0000000088 |       22 |        4 |        1
 0.2000000000000000E+01 | -0.6818051726753411E+00 |  0.0000000000000000E+00 |  0.4224565512798328E+00 |  0.6341540493660642E+00 |  0.0000000000000000E+00 |  0.4687500000000000E-01 | 0000000089 |       23 |        1 |        1
 0.2000000000000000E+01 | -0.5872806083207673E+00 |  0.0000000000000000E+00 |  0.4224565512798328E+00 |  0.6341540493660642E+00 |  0.0000000000000000E+00 |  0.4687500000000000E-01 | 0000000090 |       23 |        2 |        1
 0.2000000000000000E+01 | -0.5195510536515422E+00 |  0.0000000000000000E+00 |  0.4224565512798328E+00 |  0.6341540493660642E+00 |  0.0000000000000000E+00 |  0.4687500000000000E-01 | 0000000091 |       23 |        3 |        1
 0.2000000000000000E+01 | -0.2282173375786243E+00 |  0.0000000000000000E+00 |  0.4224565512798328E+00 |  0.6341540493660642E+00 |  0.0000000000000000E+00 |  0.4687500000000000E-01 | 0000000092 |       23 |        4 |        1
 0.2000000000000000E+01 | -0.6770552546285213E+00 |  0.0000000000000000E+00 |  0.5069478615357993E+00 |  0.5853729686455977E+00 |  0.0000000000000000E+00 |  0.4687500000000000E-01 | 0000000093 |       24 |        1 |        1
 0.2000000000000000E+01 | -0.6192849203775750E+00 |  0.0000000000000000E+00 |  0.5069478615357993E+00 |  0.5853729686455977E+00 |  0.0000000000000000E+00 |  0.4687500000000000E-01 | 0000000094 |       24 |        2 |        1
 0.2000000000000000E+01 | -0.4825645945351679E+00 |  0.0000000000000000E+00 |  0.5069478615357993E+00 |  0.5853729686455977E+00 |  0.0000000000000000E+00 |  0.4687500000000000E-01 | 0000000095 |       24 |        3 |        1
 0.2000000000000000E+01 | -0.2318243644659237E+00 |  0.0000000000000000E+00 |  0.5069478615357993E+00 |  0.5853729686455977E+00 |  0.0000000000000000E+00 |  0.4687500000000000E-01 | 0000000096 |       24 |        4 |        1
 0.2000000000000000E+01 | -0.7180272801119135E+00 |  0.0000000000000000E+00 |  0.5914391717917659E+00 |  0.3414675650432653E+00 |  0.0000000000000000E+00 |  0.2343750000000000E-01 | 0000000097 |       25 |        1 |        1
 0.2000000000000000E+01 | -0.6126231347567273E+00 |  0.0000000000000000E+00 |  0.5914391717917659E+00 |  0.3414675650432653E+00 |  0.0000000000000000E+00 |  0.2343750000000000E-01 | 0000000098 |       25 |        2 |        1
 0.2000000000000000E+01 | -0.4003431493642995E+00 |  0.0000000000000000E+00 |  0.5914391717917659E+00 |  0.3414675650432653E+00 |  0.0000000000000000E+00 |  0.2343750000000000E-01 | 0000000099 |       25 |        3 |        1
 0.2000000000000000E+01 | -0.2730289634869391E+00 |  0.0000000000000000E+00 |  0.5914391717917659E+00 |  0.3414675650432653E+00 |  0.0000000000000000E+00 |  0.2343750000000000E-01 | 0000000100 |       25 |        4 |        1
 0.2000000000000000E+01 | -0.6947073961035672E+00 |  0.0000000000000000E+00 |  0.5914391717917659E+00 |  0.4390297264841982E+00 |  0.0000000000000000E+00 |  0.4687500000000000E-01 | 0000000101 |       26 |        1 |        1
 0.2000000000000000E+01 | -0.6353153397300733E+00 |  0.0000000000000000E+00 |  0.5914391717917659E+00 |  0.4390297264841982E+00 |  0.0000000000000000E+00 |  0.4687500000000000E-01 | 0000000102 |       26 |        2 |        1
 0.2000000000000000E+01 | -0.4138095207278012E+00 |  0.0000000000000000E+00 |  0.5914391717917659E+00 |  0.4390297264841982E+00 |  0.0000000000000000E+00 |  0.4687500000000000E-01 | 0000000103 |       26 |        3 |        1
 0.2000000000000000E+01 | -0.2559068996189086E+00 |  0.0000000000000000E+00 |  0.5914391717917659E+00 |  0.4390297264841982E+00 |  0.0000000000000000E+00 |  0.4687500000000000E-01 | 0000000104 |       26 |        4 |        1
 0.2000000000000000E+01 | -0.6436163944722866E+00 |  0.0000000000000000E+00 |  0.4224565512798328E+00 |  0.7317162108069971E+00 |  0.0000000000000000E+00 |  0.2343750000000000E-01 | 0000000105 |       27 |        1 |        1
 0.2000000000000000E+01 | -0.6070858094886423E+00 |  0.0000000000000000E+00 |  0.4224565512798328E+00 |  0.7317162108069971E+00 |  0.0000000000000000E+00 |  0.2343750000000000E-01 | 0000000106 |       27 |        2 |        1
 0.2000000000000000E+01 | -0.5513663445675472E+00 |  0.0000000000000000E+00 |  0.4224565512798328E+00 |  0.7317162108069971E+00 |  0.0000000000000000E+00 |  0.2343750000000000E-01 | 0000000107 |       27 |        3 |        1
 0.2000000000000000E+01 | -0.1893598826668166E+00 |  0.0000000000000000E+00 |  0.4224565512798328E+00 |  0.7317162108069971E+00 |  0.0000000000000000E+00 |  0.2343750000000000E-01 | 0000000108 |       27 |        4 |        1
 0.2000000000000000E+01 | -0.6494893354248651E+00 |  0.0000000000000000E+00 |  0.5069478615357993E+00 |  0.6829351300865307E+00 |  0.0000000000000000E+00 |  0.2343750000000000E-01 | 0000000109 |       28 |        1 |        1
 0.2000000000000000E+01 | -0.6208553603792630E+00 |  0.0000000000000000E+00 |  0.5069478615357993E+00 |  0.6829351300865307E+00 |  0.0000000000000000E+00 |  0.2343750000000000E-01 | 0000000110 |       28 |        2 |        1
 0.2000000000000000E+01 | -0.5256764332916533E+00 |  0.0000000000000000E+00 |  0.5069478615357993E+00 |  0.6829351300865307E+00 |  0.0000000000000000E+00 |  0.2343750000000000E-01 | 0000000111 |       28 |        3 |        1
 0.2000000000000000E+01 | -0.2041274732190523E+00 |  0.0000000000000000E+00 |  0.5069478615357993E+00 |  0.6829351300865307E+00 |  0.0000000000000000E+00 |  0.2343750000000000E-01 | 0000000112 |       28 |        4 |        1
 0.2000000000000000E+01 | -0.6750961113914816E+00 |  0.0000000000000000E+00 |  0.5914391717917659E+00 |  0.5365918879251312E+00 |  0.0000000000000000E+00 |  0.2343750000000000E-01 | 0000000113 |       29 |        1 |        1
 0.2000000000000000E+01 | -0.6431998565498012E+00 |  0.0000000000000000E+00 |  0.5914391717917659E+00 |  0.5365918879251312E+00 |  0.0000000000000000E+00 |  0.2343750000000000E-01 | 0000000114 |       29 |        2 |        1
 0.2000000000000000E+01 | -0.4438340603925319E+00 |  0.0000000000000000E+00 |  0.5914391717917659E+00 |  0.5365918879251312E+00 |  0.0000000000000000E+00 |  0.2343750000000000E-01 | 0000000115 |       29 |        3 |        1
 0.2000000000000000E+01 | -0.2410391049990089E+00 |  0.0000000000000000E+00 |  0.5914391717917659E+00 |  0.5365918879251312E+00 |  0.0000000000000000E+00 |  0.2343750000000000E-01 | 0000000116 |       29 |        4 |        1
 0.2000000000000000E+01 | -0.6836529994843604E+00 |  0.0000000000000000E+00 |  0.6759304820477324E+00 |  0.3902486457637318E+00 |  0.0000000000000000E+00 |  0.1171875000000000E-01 | 0000000117 |       30 |        1 |        1
 0.2000000000000000E+01 | -0.6519502794626560E+00 |  0.0000000000000000E+00 |  0.6759304820477324E+00 |  0.3902486457637318E+00 |  0.0000000000000000E+00 |  0.1171875000000000E-01 | 0000000118 |       30 |        2 |        1
 0.2000000000000000E+01 | -0.4037190375788934E+00 |  0.0000000000000000E+00 |  0.6759304820477324E+00 |  0.3902486457637318E+00 |  0.0000000000000000E+00 |  0.1171875000000000E-01 | 0000000119 |       30 |        3 |        1
 0.2000000000000000E+01 | -0.2534532026250161E+00 |  0.0000000000000000E+00 |  0.6759304820477324E+00 |  0.3902486457637318E+00 |  0.0000000000000000E+00 |  0.1171875000000000E-01 | 0000000120 |       30 |        4 |        1
%
