# coord. kx ky kz (red. coord.), bands:    12 [eV]
     0.00000000    0.00000000    0.00000000    0.00000000   -23.28729763   -11.38714665    -8.03813538    -8.03770033    -1.27047924    -0.23780592     0.26521579     0.39680673     1.01724788     1.29414450     2.19303376     2.58364148
     0.03522081    0.02777778    0.02777778    0.00000000   -23.24219726   -11.32643380    -8.20689813    -8.12373345    -1.19603988    -0.16721077     0.33932981     0.46965183     1.09135506     1.36560412     2.26712308     2.65219111
     0.07044162    0.05555556    0.05555556    0.00000000   -23.10755912   -11.14510065    -8.67735112    -8.37336110    -0.97520894     0.04350321     0.56150103     0.68784381     1.31316488     1.57900116     2.48834452     2.85485421
     0.10566243    0.08333333    0.08333333    0.00000000   -22.88547597   -10.84568875    -9.36324568    -8.76662142    -0.61256135     0.39001597     0.93141174     1.05000181     1.68173084     1.93005343     2.85481956     3.17686154
     0.14088324    0.11111111    0.11111111    0.00000000   -22.57981434   -10.43288824   -10.17364829    -9.27322100    -0.11134716     0.85860853     1.44882954     1.55172229     2.19634415     2.40225982     3.36513626     3.54643981
     0.17610405    0.13888889    0.13888889    0.00000000   -22.19691055   -11.03446133    -9.91436082    -9.85796070     0.52635774     1.38998742     2.11359239     2.17303702     2.85644247     2.89499558     3.69679930     4.01791474
     0.21132487    0.16666667    0.16666667    0.00000000   -21.74685549   -11.88935527   -10.48579382    -9.30223922     1.29804605     1.62748396     2.79415194     2.92547649     3.24673533     3.66114431     4.11445926     4.81045067
     0.24654568    0.19444444    0.19444444    0.00000000   -21.24581062   -12.69270185   -11.12536092    -8.61582628     1.08556957     2.19903140     3.53040836     3.88400307     4.07109416     4.60843094     4.97379946     5.73483808
     0.28176649    0.22222222    0.22222222    0.00000000   -20.72003307   -13.40097471   -11.75035430    -7.88645459     0.27755139     3.21957769     4.50260684     4.98792228     5.13201180     5.69223487     6.00672028     6.72684561
     0.31698730    0.25000000    0.25000000    0.00000000   -20.21192756   -13.96444247   -12.33868606    -7.16585518    -0.49949490     4.33713380     5.53295116     6.23218641     6.32673691     6.87147635     7.09523269     7.32192888
     0.35220811    0.27777778    0.27777778    0.00000000   -19.78460886   -14.32432788   -12.86843298    -6.53724750    -1.12361239     5.48798630     6.16841462     7.44682103     7.57852376     7.70501408     8.08244204     8.30822261
     0.38742892    0.30555556    0.30555556    0.00000000   -19.50962337   -14.43948405   -13.30211151    -6.11293174    -1.50451198     6.12416813     6.44799635     7.82511219     8.93077004     9.06183388     9.35546685     9.43307788
     0.42264973    0.33333333    0.33333333    0.00000000   -19.42226692   -14.40606267   -13.51156600    -5.97329052    -1.61550767     6.02632587     6.77556155     8.13059163     9.17364466    10.10847368    10.48296902    10.73143471
     0.45283900    0.35714286    0.28571429    0.00000000   -19.47176825   -14.49206542   -13.31569311    -6.05236450    -1.56937560     6.12395097     6.62511645     7.85693427     9.08416572     9.59974844    10.03583499    10.12619482
     0.48302826    0.38095238    0.23809524    0.00000000   -19.58793022   -14.68137800   -12.84247248    -6.23389414    -1.49464021     6.24472552     6.40600907     7.37951069     8.59868570     9.05050948     9.48849898     9.55805956
     0.51321753    0.40476190    0.19047619    0.00000000   -19.72773661   -14.87440128   -12.26247931    -6.44656984    -1.44960975     5.66609185     6.77965554     6.95175661     8.01072534     8.60207674     9.04722324     9.08386843
     0.54340680    0.42857143    0.14285714    0.00000000   -19.86040078   -15.03606941   -11.68185754    -6.64382827    -1.44336431     4.97342739     6.63435499     7.07976314     7.53371476     8.26206300     8.71070032     8.73711211
     0.57359606    0.45238095    0.09523810    0.00000000   -19.96632205   -15.15531134   -11.18429860    -6.79875052    -1.45970530     4.32858146     6.41785976     7.20518355     7.20621726     8.02616746     8.44977408     8.48922798
     0.60378533    0.47619048    0.04761905    0.00000000   -20.03389286   -15.22795612   -10.84568674    -6.89655976    -1.47871084     3.87784819     6.29045849     7.01484686     7.22039642     7.88672820     8.28617723     8.33500827
     0.63397460    0.50000000    0.00000000    0.00000000   -20.05704413   -15.25232497   -10.72511041    -6.92990484    -1.48662451     3.71640300     6.24822837     6.95251653     7.21439570     7.84036036     8.23234954     8.28021046
     0.66447671    0.45833333    0.00000000    0.00000000   -20.16998651   -15.08738060   -10.69035041    -7.09602457    -1.27265557     3.64890536     5.54136452     6.36297645     6.97543092     7.08002179     7.58866251     7.90766094
     0.69497883    0.41666667    0.00000000    0.00000000   -20.46672137   -14.63612932   -10.58700765    -7.52408575    -0.70745599     3.36440847     4.82225214     5.30163867     5.83155936     5.94519718     6.57517503     6.82532521
     0.72548095    0.37500000    0.00000000    0.00000000   -20.86497392   -13.98544213   -10.41798703    -8.08572483     0.05799053     2.76758808     4.32212033     4.42787046     4.82514320     4.91478460     5.56656939     5.81437129
     0.75598306    0.33333333    0.00000000    0.00000000   -21.29746063   -13.21069755   -10.18844960    -8.68541943     0.87094255     2.02785065     3.46666522     3.78119626     4.00416955     4.28993192     4.77689682     4.91361808
     0.78648518    0.29166667    0.00000000    0.00000000   -21.72236231   -12.36599129    -9.90632115    -9.26816713     1.30198728     1.49153594     2.80714451     2.97277767     3.26748951     3.66998910     4.15480484     4.46972376
     0.81698730    0.25000000    0.00000000    0.00000000   -22.11535151   -11.49310572    -9.80341390    -9.58304629     0.64461224     1.46341366     2.25822057     2.29518515     2.93531054     2.98882707     3.69349568     4.07995452
     0.84748942    0.20833333    0.00000000    0.00000000   -22.46208784   -10.63029911   -10.27356082    -9.23457194     0.07451714     1.03089461     1.65084599     1.74489471     2.39333585     2.57132474     3.54428804     3.62097339
     0.87799153    0.16666667   -0.00000000    0.00000000   -22.75382435   -10.66797644    -9.81806959    -8.88239700    -0.40042047     0.59356242     1.15283673     1.26588192     1.90093229     2.13591480     3.06832576     3.35141960
     0.90849365    0.12500000   -0.00000000    0.00000000   -22.98506639   -10.98000132    -9.10231207    -8.55416952    -0.77592611     0.23489763     0.76491036     0.88728736     1.51567555     1.77291697     2.68902457     3.03504154
     0.93899577    0.08333333   -0.00000000    0.00000000   -23.15232825   -11.20541081    -8.53434221    -8.28270014    -1.04856312    -0.02654405     0.48745848     0.61517398     1.23926373     1.50804689     2.41462814     2.78786106
     0.96949788    0.04166667   -0.00000000    0.00000000   -23.25346223   -11.34159966    -8.16590472    -8.10176874    -1.21460548    -0.18484431     0.32080428     0.45144545     1.07283707     1.34775288     2.24861786     2.63509332
     1.00000000    0.00000000    0.00000000    0.00000000   -23.28729763   -11.38714665    -8.03813538    -8.03770033    -1.27047924    -0.23780592     0.26521579     0.39680673     1.01724788     1.29414450     2.19303167     2.58363934
