#iter energy            energy_diff  abs_dens     rel_dens     abs_ev       rel_ev      
    1   -4.21048076E+02  4.21048E+02  1.83149E+00  2.28936E-01  2.34980E+01  1.54709E-01
    2   -3.96906794E+02  2.41413E+01  4.90181E-01  6.12727E-02  1.95998E+01  1.48163E-01
    3   -3.39873002E+02  5.70338E+01  6.65617E-01  8.32021E-02  3.21641E+01  3.21252E-01
    4   -3.57740853E+02  1.78679E+01  2.33196E-01  2.91495E-02  1.03823E+01  9.39550E-02
    5   -3.57548122E+02  1.92730E-01  1.27871E-01  1.59839E-02  2.45273E+00  2.26998E-02
    6   -3.54095333E+02  3.45279E+00  5.83519E-02  7.29398E-03  1.61437E+00  1.51675E-02
    7   -3.51721353E+02  2.37398E+00  5.54326E-02  6.92908E-03  7.52912E-01  7.12423E-03
    8   -3.53204723E+02  1.48337E+00  3.18671E-02  3.98338E-03  6.16156E-01  5.79642E-03
    9   -3.53170013E+02  3.47102E-02  1.83403E-03  2.29254E-04  3.05969E-02  2.87919E-04
   10   -3.52939104E+02  2.30910E-01  4.67915E-03  5.84894E-04  9.36618E-02  8.82144E-04
   11   -3.53050691E+02  1.11587E-01  2.38557E-03  2.98196E-04  4.75518E-02  4.47661E-04
   12   -3.53070600E+02  1.99094E-02  5.48300E-04  6.85375E-05  3.60883E-03  3.39730E-05
   13   -3.53056063E+02  1.45374E-02  2.35241E-04  2.94051E-05  7.68514E-03  7.23521E-05
   14   -3.53054571E+02  1.49164E-03  6.29755E-05  7.87194E-06  5.11513E-05  4.81566E-07
   15   -3.53065503E+02  1.09313E-02  1.87785E-04  2.34732E-05  5.20252E-03  4.89769E-05
   16   -3.53063985E+02  1.51781E-03  2.43730E-05  3.04662E-06  1.16619E-03  1.09787E-05
   17   -3.53057392E+02  6.59253E-03  1.16399E-04  1.45499E-05  3.16030E-03  2.97525E-05
   18   -3.53059278E+02  1.88611E-03  2.70286E-05  3.37858E-06  1.21661E-03  1.14536E-05
   19   -3.53059519E+02  2.40575E-04  5.42869E-06  6.78586E-07  5.80493E-05  5.46497E-07
   20   -3.53059488E+02  3.08783E-05  3.16488E-07  3.95610E-08  2.38425E-05  2.24462E-07
