# energy [eV], band-resolved DOS
  -27.596440    0.000182
  -27.544626    0.000183
  -27.492812    0.000184
  -27.440998    0.000185
  -27.389184    0.000186
  -27.337370    0.000187
  -27.285556    0.000188
  -27.233742    0.000189
  -27.181928    0.000190
  -27.130114    0.000191
  -27.078300    0.000192
  -27.026486    0.000193
  -26.974672    0.000194
  -26.922858    0.000195
  -26.871044    0.000197
  -26.819230    0.000198
  -26.767416    0.000199
  -26.715602    0.000200
  -26.663788    0.000201
  -26.611974    0.000202
  -26.560160    0.000203
  -26.508346    0.000204
  -26.456532    0.000206
  -26.404718    0.000207
  -26.352904    0.000208
  -26.301090    0.000209
  -26.249276    0.000210
  -26.197461    0.000212
  -26.145647    0.000213
  -26.093833    0.000214
  -26.042019    0.000215
  -25.990205    0.000216
  -25.938391    0.000218
  -25.886577    0.000219
  -25.834763    0.000220
  -25.782949    0.000222
  -25.731135    0.000223
  -25.679321    0.000224
  -25.627507    0.000226
  -25.575693    0.000227
  -25.523879    0.000228
  -25.472065    0.000230
  -25.420251    0.000231
  -25.368437    0.000232
  -25.316623    0.000234
  -25.264809    0.000235
  -25.212995    0.000237
  -25.161181    0.000238
  -25.109367    0.000240
  -25.057553    0.000241
  -25.005739    0.000243
  -24.953925    0.000244
  -24.902111    0.000246
  -24.850297    0.000247
  -24.798483    0.000249
  -24.746669    0.000250
  -24.694855    0.000252
  -24.643041    0.000253
  -24.591227    0.000255
  -24.539413    0.000257
  -24.487599    0.000258
  -24.435785    0.000260
  -24.383971    0.000262
  -24.332157    0.000263
  -24.280343    0.000265
  -24.228528    0.000267
  -24.176714    0.000268
  -24.124900    0.000270
  -24.073086    0.000272
  -24.021272    0.000274
  -23.969458    0.000276
  -23.917644    0.000277
  -23.865830    0.000279
  -23.814016    0.000281
  -23.762202    0.000283
  -23.710388    0.000285
  -23.658574    0.000287
  -23.606760    0.000289
  -23.554946    0.000291
  -23.503132    0.000293
  -23.451318    0.000295
  -23.399504    0.000297
  -23.347690    0.000299
  -23.295876    0.000301
  -23.244062    0.000303
  -23.192248    0.000305
  -23.140434    0.000307
  -23.088620    0.000309
  -23.036806    0.000311
  -22.984992    0.000314
  -22.933178    0.000316
  -22.881364    0.000318
  -22.829550    0.000320
  -22.777736    0.000323
  -22.725922    0.000325
  -22.674108    0.000327
  -22.622294    0.000330
  -22.570480    0.000332
  -22.518666    0.000334
  -22.466852    0.000337
  -22.415038    0.000339
  -22.363224    0.000342
  -22.311410    0.000344
  -22.259596    0.000347
  -22.207781    0.000349
  -22.155967    0.000352
  -22.104153    0.000355
  -22.052339    0.000357
  -22.000525    0.000360
  -21.948711    0.000363
  -21.896897    0.000365
  -21.845083    0.000368
  -21.793269    0.000371
  -21.741455    0.000374
  -21.689641    0.000377
  -21.637827    0.000380
  -21.586013    0.000383
  -21.534199    0.000386
  -21.482385    0.000389
  -21.430571    0.000392
  -21.378757    0.000395
  -21.326943    0.000398
  -21.275129    0.000401
  -21.223315    0.000404
  -21.171501    0.000408
  -21.119687    0.000411
  -21.067873    0.000414
  -21.016059    0.000418
  -20.964245    0.000421
  -20.912431    0.000425
  -20.860617    0.000428
  -20.808803    0.000432
  -20.756989    0.000435
  -20.705175    0.000439
  -20.653361    0.000442
  -20.601547    0.000446
  -20.549733    0.000450
  -20.497919    0.000454
  -20.446105    0.000458
  -20.394291    0.000462
  -20.342477    0.000466
  -20.290663    0.000470
  -20.238848    0.000474
  -20.187034    0.000478
  -20.135220    0.000482
  -20.083406    0.000486
  -20.031592    0.000491
  -19.979778    0.000495
  -19.927964    0.000499
  -19.876150    0.000504
  -19.824336    0.000508
  -19.772522    0.000513
  -19.720708    0.000518
  -19.668894    0.000522
  -19.617080    0.000527
  -19.565266    0.000532
  -19.513452    0.000537
  -19.461638    0.000542
  -19.409824    0.000547
  -19.358010    0.000552
  -19.306196    0.000557
  -19.254382    0.000563
  -19.202568    0.000568
  -19.150754    0.000573
  -19.098940    0.000579
  -19.047126    0.000584
  -18.995312    0.000590
  -18.943498    0.000596
  -18.891684    0.000602
  -18.839870    0.000608
  -18.788056    0.000614
  -18.736242    0.000620
  -18.684428    0.000626
  -18.632614    0.000632
  -18.580800    0.000639
  -18.528986    0.000645
  -18.477172    0.000652
  -18.425358    0.000659
  -18.373544    0.000665
  -18.321730    0.000672
  -18.269915    0.000679
  -18.218101    0.000686
  -18.166287    0.000694
  -18.114473    0.000701
  -18.062659    0.000709
  -18.010845    0.000716
  -17.959031    0.000724
  -17.907217    0.000732
  -17.855403    0.000740
  -17.803589    0.000748
  -17.751775    0.000756
  -17.699961    0.000765
  -17.648147    0.000773
  -17.596333    0.000782
  -17.544519    0.000791
  -17.492705    0.000800
  -17.440891    0.000809
  -17.389077    0.000818
  -17.337263    0.000828
  -17.285449    0.000837
  -17.233635    0.000847
  -17.181821    0.000857
  -17.130007    0.000867
  -17.078193    0.000878
  -17.026379    0.000888
  -16.974565    0.000899
  -16.922751    0.000910
  -16.870937    0.000921
  -16.819123    0.000932
  -16.767309    0.000944
  -16.715495    0.000956
  -16.663681    0.000968
  -16.611867    0.000980
  -16.560053    0.000992
  -16.508239    0.001005
  -16.456425    0.001018
  -16.404611    0.001031
  -16.352797    0.001045
  -16.300982    0.001058
  -16.249168    0.001072
  -16.197354    0.001087
  -16.145540    0.001101
  -16.093726    0.001116
  -16.041912    0.001131
  -15.990098    0.001147
  -15.938284    0.001163
  -15.886470    0.001179
  -15.834656    0.001196
  -15.782842    0.001213
  -15.731028    0.001230
  -15.679214    0.001247
  -15.627400    0.001265
  -15.575586    0.001284
  -15.523772    0.001303
  -15.471958    0.001322
  -15.420144    0.001342
  -15.368330    0.001362
  -15.316516    0.001383
  -15.264702    0.001404
  -15.212888    0.001425
  -15.161074    0.001448
  -15.109260    0.001470
  -15.057446    0.001493
  -15.005632    0.001517
  -14.953818    0.001542
  -14.902004    0.001567
  -14.850190    0.001592
  -14.798376    0.001618
  -14.746562    0.001645
  -14.694748    0.001673
  -14.642934    0.001701
  -14.591120    0.001730
  -14.539306    0.001760
  -14.487492    0.001791
  -14.435678    0.001822
  -14.383864    0.001855
  -14.332049    0.001888
  -14.280235    0.001922
  -14.228421    0.001957
  -14.176607    0.001993
  -14.124793    0.002030
  -14.072979    0.002069
  -14.021165    0.002108
  -13.969351    0.002148
  -13.917537    0.002190
  -13.865723    0.002233
  -13.813909    0.002277
  -13.762095    0.002323
  -13.710281    0.002370
  -13.658467    0.002419
  -13.606653    0.002469
  -13.554839    0.002521
  -13.503025    0.002574
  -13.451211    0.002629
  -13.399397    0.002687
  -13.347583    0.002746
  -13.295769    0.002807
  -13.243955    0.002870
  -13.192141    0.002936
  -13.140327    0.003003
  -13.088513    0.003074
  -13.036699    0.003147
  -12.984885    0.003222
  -12.933071    0.003301
  -12.881257    0.003383
  -12.829443    0.003467
  -12.777629    0.003555
  -12.725815    0.003647
  -12.674001    0.003743
  -12.622187    0.003842
  -12.570373    0.003946
  -12.518559    0.004054
  -12.466745    0.004167
  -12.414931    0.004284
  -12.363116    0.004408
  -12.311302    0.004536
  -12.259488    0.004671
  -12.207674    0.004813
  -12.155860    0.004961
  -12.104046    0.005116
  -12.052232    0.005280
  -12.000418    0.005452
  -11.948604    0.005633
  -11.896790    0.005823
  -11.844976    0.006024
  -11.793162    0.006237
  -11.741348    0.006461
  -11.689534    0.006699
  -11.637720    0.006951
  -11.585906    0.007219
  -11.534092    0.007504
  -11.482278    0.007807
  -11.430464    0.008130
  -11.378650    0.008476
  -11.326836    0.008845
  -11.275022    0.009242
  -11.223208    0.009668
  -11.171394    0.010127
  -11.119580    0.010622
  -11.067766    0.011158
  -11.015952    0.011740
  -10.964138    0.012373
  -10.912324    0.013063
  -10.860510    0.013819
  -10.808696    0.014649
  -10.756882    0.015565
  -10.705068    0.016579
  -10.653254    0.017706
  -10.601440    0.018966
  -10.549626    0.020380
  -10.497812    0.021978
  -10.445998    0.023794
  -10.394184    0.025872
  -10.342369    0.028268
  -10.290555    0.031054
  -10.238741    0.034323
  -10.186927    0.038197
  -10.135113    0.042840
  -10.083299    0.048474
  -10.031485    0.055401
   -9.979671    0.064039
   -9.927857    0.074966
   -9.876043    0.088972
   -9.824229    0.107090
   -9.772415    0.130526
   -9.720601    0.160247
   -9.668787    0.195853
   -9.616973    0.233693
   -9.565159    0.265956
   -9.513345    0.284085
   -9.461531    0.285562
   -9.409717    0.275735
   -9.357903    0.261330
   -9.306089    0.245979
   -9.254275    0.232777
   -9.202461    0.225681
   -9.150647    0.227151
   -9.098833    0.236449
   -9.047019    0.249827
   -8.995205    0.262096
   -8.943391    0.269206
   -8.891577    0.271016
   -8.839763    0.270912
   -8.787949    0.271315
   -8.736135    0.271532
   -8.684321    0.270388
   -8.632507    0.268899
   -8.580693    0.268594
   -8.528879    0.267916
   -8.477065    0.262663
   -8.425251    0.250612
   -8.373436    0.235112
   -8.321622    0.222402
   -8.269808    0.216502
   -8.217994    0.217579
   -8.166180    0.223234
   -8.114366    0.230739
   -8.062552    0.238253
   -8.010738    0.244367
   -7.958924    0.247398
   -7.907110    0.246066
   -7.855296    0.240330
   -7.803482    0.231132
   -7.751668    0.221084
   -7.699854    0.213478
   -7.648040    0.208967
   -7.596226    0.205014
   -7.544412    0.199709
   -7.492598    0.195014
   -7.440784    0.194888
   -7.388970    0.201969
   -7.337156    0.216501
   -7.285342    0.236795
   -7.233528    0.260152
   -7.181714    0.282885
   -7.129900    0.299960
   -7.078086    0.307161
   -7.026272    0.303220
   -6.974458    0.289302
   -6.922644    0.268634
   -6.870830    0.246759
   -6.819016    0.229475
   -6.767202    0.219664
   -6.715388    0.216746
   -6.663574    0.218606
   -6.611760    0.222775
   -6.559946    0.225173
   -6.508132    0.220541
   -6.456318    0.206647
   -6.404503    0.186807
   -6.352689    0.167069
   -6.300875    0.151653
   -6.249061    0.141206
   -6.197247    0.133667
   -6.145433    0.126277
   -6.093619    0.117302
   -6.041805    0.106063
   -5.989991    0.092891
   -5.938177    0.079339
   -5.886363    0.067069
   -5.834549    0.056842
   -5.782735    0.048641
   -5.730921    0.042128
   -5.679107    0.036931
   -5.627293    0.032735
   -5.575479    0.029301
   -5.523665    0.026451
   -5.471851    0.024054
   -5.420037    0.022015
   -5.368223    0.020261
   -5.316409    0.018738
   -5.264595    0.017404
   -5.212781    0.016228
   -5.160967    0.015182
   -5.109153    0.014248
   -5.057339    0.013408
   -5.005525    0.012650
   -4.953711    0.011962
   -4.901897    0.011335
   -4.850083    0.010761
   -4.798269    0.010235
   -4.746455    0.009751
   -4.694641    0.009303
   -4.642827    0.008889
   -4.591013    0.008505
   -4.539199    0.008147
   -4.487385    0.007814
   -4.435570    0.007502
   -4.383756    0.007211
   -4.331942    0.006937
   -4.280128    0.006680
   -4.228314    0.006438
   -4.176500    0.006211
   -4.124686    0.005996
   -4.072872    0.005792
   -4.021058    0.005600
   -3.969244    0.005418
   -3.917430    0.005245
   -3.865616    0.005081
   -3.813802    0.004924
   -3.761988    0.004776
   -3.710174    0.004634
   -3.658360    0.004499
   -3.606546    0.004371
   -3.554732    0.004248
   -3.502918    0.004130
   -3.451104    0.004018
   -3.399290    0.003910
   -3.347476    0.003807
   -3.295662    0.003708
   -3.243848    0.003613
   -3.192034    0.003522
   -3.140220    0.003434
   -3.088406    0.003350
   -3.036592    0.003269
   -2.984778    0.003191
   -2.932964    0.003116
   -2.881150    0.003043
   -2.829336    0.002974
   -2.777522    0.002906
   -2.725708    0.002841
   -2.673894    0.002779
   -2.622080    0.002718
   -2.570266    0.002660
   -2.518452    0.002603
   -2.466637    0.002548
   -2.414823    0.002495
   -2.363009    0.002444
   -2.311195    0.002394
   -2.259381    0.002346
   -2.207567    0.002300
   -2.155753    0.002255
   -2.103939    0.002211
   -2.052125    0.002168
   -2.000311    0.002127
   -1.948497    0.002087
   -1.896683    0.002048
   -1.844869    0.002010
   -1.793055    0.001974
   -1.741241    0.001938
