# coord. kx ky kz (red. coord.), bands:    12 [eV]
     0.00000000    0.00000000    0.00000000    0.00000000   -23.90764478   -12.21818173    -7.59536987    -7.59536980    -1.14272575    -0.19025470     0.60611364     0.91447474     2.18316962     2.72418199     3.77692499     3.77692506
     0.02641561    0.02083333    0.02083333    0.00000000   -23.87688048   -12.18108583    -7.71863417    -7.66348488    -1.10109273    -0.14784611     0.64896668     0.95712916     2.22543494     2.76646480     3.79592608     3.90974944
     0.05283122    0.04166667    0.04166667    0.00000000   -23.78464929   -12.06996709    -8.06793404    -7.86412310    -0.97615510    -0.02066591     0.77753946     1.08506425     2.35226849     2.89325532     3.85621517     4.27878977
     0.07924682    0.06250000    0.06250000    0.00000000   -23.63113951   -11.88534391    -8.59354362    -8.18665135    -0.76783220     0.19114134     0.99186507     1.29819084     2.56376099     3.10436821     3.96572089     4.80706834
     0.10566243    0.08333333    0.08333333    0.00000000   -23.41667617   -11.62812020    -9.23888753    -8.61490387    -0.47607958     0.48730567     1.29197750     1.59634297     2.85999813     3.39945093     4.13318368     5.39512157
     0.13207804    0.10416667    0.10416667    0.00000000   -23.14173950   -11.29965022    -9.95535563    -9.12921167    -0.10096299     0.86737686     1.67789236     1.97924528     3.24097956     3.77789779     4.36530941     4.53668138
     0.15849365    0.12500000    0.12500000    0.00000000   -22.80699462   -10.90183989   -10.70640934    -9.70857854     0.35729194     1.33061743     2.14959253     2.44644942     3.68400164     3.70650904     4.23867141     4.66568522
     0.18490926    0.14583333    0.14583333    0.00000000   -22.41333774   -11.46617197   -10.43729734   -10.33250080     0.89825950     1.87578780     2.70701727     2.78087517     2.99720643     4.25598268     4.77991126     5.03492232
     0.21132487    0.16666667    0.16666667    0.00000000   -21.96196804   -12.21669424   -10.98214833    -9.90955146     1.52125188     1.85452226     2.50068173     3.35004781     3.63019073     4.88773942     5.39797933     5.47155316
     0.23774047    0.18750000    0.18750000    0.00000000   -21.45450338   -12.94554626   -11.64088918    -9.32336618     0.92700659     2.22519441     3.20100853     4.07847751     4.34283263     5.59595231     5.97508275     6.08475340
     0.26415608    0.20833333    0.20833333    0.00000000   -20.89317571   -13.64406180   -12.29428417    -8.68518821     0.01575863     3.00836866     3.96728438     4.89194111     5.12944647     6.34595429     6.56981495     6.81834415
     0.29057169    0.22916667    0.22916667    0.00000000   -20.28118748   -14.30614035   -12.92966820    -8.00377428    -0.86563790     3.86786466     4.77443864     5.78972247     5.97492756     7.01367267     7.36705117     7.73354684
     0.31698730    0.25000000    0.25000000    0.00000000   -19.62343201   -14.92744585   -13.53527753    -7.29103761    -1.70665576     4.79831466     5.54091345     6.77004415     6.83200869     7.61695315     8.03496139     8.18938460
     0.34340291    0.27083333    0.27083333    0.00000000   -18.92816499   -15.50487033   -14.09844998    -6.56309758    -2.49914056     5.78857062     6.02396344     7.63004848     7.82374476     8.17772331     8.37557334     8.57150111
     0.36981851    0.29166667    0.29166667    0.00000000   -18.21163314   -16.03617121   -14.60097085    -5.84133337    -3.23676089     6.06073864     6.81129142     8.49347743     8.53661382     8.57825638     8.99581750     9.50478899
     0.39623412    0.31250000    0.31250000    0.00000000   -17.51376994   -16.51972265   -15.00351937    -5.15280943    -3.91458285     5.93451219     7.78156668     8.50261286     8.81140663     9.61625337    10.17416443    10.62121597
     0.42264973    0.33333333    0.33333333    0.00000000   -16.95434262   -16.95434241   -15.18990372    -4.52874791    -4.52874735     5.86904917     8.37543380     8.37543393     8.85066316    10.65077199    10.65102179    11.12013070
     0.44026014    0.34722222    0.30555556    0.00000000   -17.21646956   -16.77939354   -15.07637491    -4.90130311    -4.16374888     5.90440681     8.22270423     8.33997416     8.76455462    10.21952465    10.65364880    10.85457980
     0.45787054    0.36111111    0.27777778    0.00000000   -17.45626790   -16.78631094   -14.75284675    -5.24347912    -3.84802398     6.01421132     8.03434618     8.09625870     8.43632849     9.82517091    10.34256666    10.56198425
     0.47548095    0.37500000    0.25000000    0.00000000   -17.67358071   -16.89441095   -14.30446178    -5.55465597    -3.58542985     6.19650620     7.61381068     7.82869665     8.08146416     9.46792145    10.02751635    10.26443501
     0.49309135    0.38888889    0.22222222    0.00000000   -17.86828161   -17.03802453   -13.80280482    -5.83430855    -3.37599032     6.43873433     6.93422552     7.62103786     7.81493616     9.14794271     9.75029350     9.97999110
     0.51070176    0.40277778    0.19444444    0.00000000   -18.04026915   -17.18620039   -13.28654581    -6.08199389    -3.21603339     6.20007674     6.71704072     7.42254394     7.58472705     8.86536496     9.52179277     9.71560502
     0.52831216    0.41666667    0.16666667    0.00000000   -18.18946231   -17.32512306   -12.77940316    -6.29734113    -3.09912684     5.47513023     6.99719109     7.24091268     7.38132433     8.62029090     9.34042751     9.48535085
     0.54592257    0.43055556    0.13888889    0.00000000   -18.31579694   -17.44810380   -12.30049262    -6.48004326    -3.01741529     4.79606547     7.08133346     7.20569054     7.24063272     8.41280165     9.19000963     9.28706299
     0.56353297    0.44444444    0.11111111    0.00000000   -18.41922296   -17.55158975   -11.86844731    -6.62985050    -2.96289699     4.19134333     6.94728689     7.05967645     7.41864077     8.24296025     9.10803257     9.12425666
     0.58114338    0.45833333    0.08333333    0.00000000   -18.49970212   -17.63355239   -11.50265314    -6.74656509    -2.92836331     3.68641660     6.84110058     6.94477559     7.52643918     8.11081492     8.99124300     9.00128768
     0.59875379    0.47222222    0.05555556    0.00000000   -18.55720630   -17.69278545   -11.22268280    -6.83003720    -2.90795348     3.30472266     6.76430942     6.86203806     7.58062659     8.01640121     8.89751971     8.90528094
     0.61636419    0.48611111    0.02777778    0.00000000   -18.59171627   -17.72857634   -11.04620188    -6.88016187    -2.89741390     3.06633065     6.71788058     6.81214353     7.60301445     7.95974349     8.84115539     8.84899112
     0.63397460    0.50000000    0.00000000    0.00000000   -18.60322082   -17.74054631   -10.98583484    -6.89687695    -2.89418489     2.98518594     6.70234748     6.79547141     7.60876561     7.94085603     8.82319126     8.83048834
     0.65685118    0.46875000    0.00000000    0.00000000   -18.96451034   -17.34545227   -10.96280411    -7.04667481    -2.70827684     2.99575909     5.82227292     6.84882025     7.71373280     7.83698355     8.03176198     8.74373154
     0.67972777    0.43750000    0.00000000    0.00000000   -19.53859222   -16.67040071   -10.89397227    -7.42955983    -2.21795938     3.02662006     4.94677596     5.97652423     6.90704293     7.14441861     8.42402165     8.70651477
     0.70260436    0.40625000    0.00000000    0.00000000   -20.11153698   -15.93067858   -10.78013866    -7.93152100    -1.53997739     3.07353486     4.12876027     5.14749379     6.04148478     6.29777326     7.57134904     8.00645257
     0.72548095    0.37500000    0.00000000    0.00000000   -20.65563473   -15.15634660   -10.62269872    -8.47499066    -0.75660948     3.09452769     3.41163012     4.37197789     5.23954917     5.50868629     6.77905694     7.24654421
     0.74835753    0.34375000    0.00000000    0.00000000   -21.16346927   -14.35830523   -10.42374567    -9.01859119     0.08368581     2.60579775     3.27787092     3.65474588     4.50209897     4.78016796     6.04898005     6.53632400
     0.77123412    0.31250000    0.00000000    0.00000000   -21.63181325   -13.54461144   -10.18622715    -9.54048478     0.94792996     1.96849389     3.00058945     3.35989703     3.83297555     4.11387308     5.38208782     5.88241416
     0.79411071    0.28125000    0.00000000    0.00000000   -22.05880931   -12.72359667   -10.02843896    -9.91417183     1.38175664     1.78698780     2.43596660     3.19703878     3.48869202     3.51207918     4.77964538     5.28780225
     0.81698730    0.25000000    0.00000000    0.00000000   -22.44320418   -11.90503723   -10.47510616    -9.61300445     0.85398732     1.81440129     2.66131015     2.69850052     3.00503776     3.57903983     4.24560517     4.75458665
     0.83986389    0.21875000    0.00000000    0.00000000   -22.78407491   -11.10095199   -10.87579195    -9.28996716     0.38701485     1.35890985     2.18066600     2.47336825     3.55712380     3.61758575     3.82874392     4.28775913
     0.86274047    0.18750000    0.00000000    0.00000000   -23.08071018   -11.22734696   -10.32635688    -8.95465088    -0.01838758     0.95095493     1.76320752     2.06339933     3.31437780     3.80073502     3.85255732     4.35235183
     0.88561706    0.15625000    0.00000000    0.00000000   -23.33255075   -11.52758321    -9.60000256    -8.61959336    -0.36178731     0.60334746     1.40972195     1.71321077     2.97384884     3.51428945     3.84656954     5.05354210
     0.90849365    0.12500000    0.00000000    0.00000000   -23.53915631   -11.77494888    -8.94491682    -8.30078796    -0.64291611     0.31808622     1.12042634     1.42596749     2.69009565     3.23076081     3.86560194     5.27565724
     0.93137024    0.09375000    0.00000000    0.00000000   -23.70018538   -11.96833858    -8.38829581    -8.01773176    -0.86161404     0.09584796     0.89540266     1.20229426     2.46846603     3.00938150     3.85385012     4.64892713
     0.95424682    0.06250000    0.00000000    0.00000000   -23.81538261   -12.10697869    -7.95995779    -7.79236150    -1.01780942    -0.06305203     0.73467865     1.04242357     2.30997468     2.85100028     3.82220549     4.17441185
     0.97712341    0.03125000    0.00000000    0.00000000   -23.88457060   -12.19035719    -7.68852117    -7.64615272    -1.11150170    -0.15844757     0.63825317     0.94646598     2.21486782     2.75589497     3.79078090     3.87792873
     1.00000000    0.00000000    0.00000000    0.00000000   -23.90764478   -12.21818173    -7.59536987    -7.59536980    -1.14272575    -0.19025470     0.60611364     0.91447474     2.18316962     2.72418199     3.77692499     3.77692506
