#iter energy            energy_diff  abs_dens     rel_dens     abs_ev       rel_ev      
    1   -3.10157362E+02  7.54877E-01  7.07954E-03  8.84943E-04  4.48937E-02  4.18403E-04
    2   -3.09502486E+02  6.54876E-01  9.83865E-03  1.22983E-03  2.43839E-01  2.26739E-03
    3   -3.09431679E+02  7.08072E-02  3.27399E-03  4.09249E-04  1.74732E-01  1.62215E-03
    4   -3.10201020E+02  7.69341E-01  3.31335E-03  4.14169E-04  6.46846E-01  5.96924E-03
    5   -3.12215516E+02  2.01450E+00  8.02796E-03  1.00349E-03  1.67395E+00  1.52126E-02
    6   -3.11434255E+02  7.81261E-01  3.20696E-03  4.00870E-04  6.62309E-01  6.05541E-03
    7   -3.10556549E+02  8.77707E-01  5.09863E-03  6.37329E-04  6.32575E-01  5.81720E-03
    8   -3.10899638E+02  3.43090E-01  1.45722E-03  1.82153E-04  2.96768E-01  2.72167E-03
    9   -3.10929962E+02  3.03236E-02  3.23708E-04  4.04635E-05  1.56729E-02  1.43716E-04
   10   -3.10837794E+02  9.21683E-02  5.91445E-04  7.39306E-05  6.59404E-02  6.05021E-04
   11   -3.10791009E+02  4.67847E-02  3.31501E-04  4.14376E-05  2.73814E-02  2.51295E-04
   12   -3.10834167E+02  4.31578E-02  2.30058E-04  2.87572E-05  3.32834E-02  3.05367E-04
   13   -3.10989583E+02  1.55416E-01  9.59895E-04  1.19987E-04  1.12559E-01  1.03164E-03
   14   -3.10953713E+02  3.58694E-02  1.91196E-04  2.38995E-05  3.44619E-02  3.15953E-04
   15   -3.10958837E+02  5.12325E-03  3.21103E-05  4.01379E-06  2.53681E-03  2.32574E-05
   16   -3.10962801E+02  3.96443E-03  3.21927E-05  4.02409E-06  2.29475E-03  2.10378E-05
   17   -3.10960852E+02  1.94863E-03  4.56047E-06  5.70059E-07  1.77334E-03  1.62579E-05
   18   -3.10961431E+02  5.78821E-04  4.67022E-06  5.83777E-07  3.60038E-04  3.30079E-06
