# energy [eV], total DOS
  -28.596276    0.002105
  -28.539899    0.002134
  -28.483522    0.002163
  -28.427145    0.002193
  -28.370768    0.002224
  -28.314390    0.002256
  -28.258013    0.002289
  -28.201636    0.002322
  -28.145259    0.002356
  -28.088881    0.002391
  -28.032504    0.002427
  -27.976127    0.002465
  -27.919750    0.002503
  -27.863372    0.002542
  -27.806995    0.002582
  -27.750618    0.002624
  -27.694241    0.002666
  -27.637864    0.002710
  -27.581486    0.002756
  -27.525109    0.002803
  -27.468732    0.002851
  -27.412355    0.002900
  -27.355977    0.002952
  -27.299600    0.003005
  -27.243223    0.003060
  -27.186846    0.003116
  -27.130468    0.003175
  -27.074091    0.003235
  -27.017714    0.003298
  -26.961337    0.003363
  -26.904960    0.003431
  -26.848582    0.003501
  -26.792205    0.003574
  -26.735828    0.003649
  -26.679451    0.003728
  -26.623073    0.003809
  -26.566696    0.003895
  -26.510319    0.003984
  -26.453942    0.004076
  -26.397564    0.004173
  -26.341187    0.004274
  -26.284810    0.004380
  -26.228433    0.004491
  -26.172056    0.004607
  -26.115678    0.004730
  -26.059301    0.004858
  -26.002924    0.004993
  -25.946547    0.005136
  -25.890169    0.005286
  -25.833792    0.005445
  -25.777415    0.005614
  -25.721038    0.005792
  -25.664660    0.005982
  -25.608283    0.006184
  -25.551906    0.006400
  -25.495529    0.006630
  -25.439152    0.006877
  -25.382774    0.007143
  -25.326397    0.007428
  -25.270020    0.007737
  -25.213643    0.008071
  -25.157265    0.008434
  -25.100888    0.008830
  -25.044511    0.009264
  -24.988134    0.009742
  -24.931756    0.010269
  -24.875379    0.010854
  -24.819002    0.011508
  -24.762625    0.012242
  -24.706248    0.013072
  -24.649870    0.014019
  -24.593493    0.015107
  -24.537116    0.016370
  -24.480739    0.017851
  -24.424361    0.019609
  -24.367984    0.021725
  -24.311607    0.024308
  -24.255230    0.027514
  -24.198852    0.031560
  -24.142475    0.036742
  -24.086098    0.043441
  -24.029721    0.052052
  -23.973344    0.062756
  -23.916966    0.075083
  -23.860589    0.087604
  -23.804212    0.098563
  -23.747835    0.107631
  -23.691457    0.115870
  -23.635080    0.123029
  -23.578703    0.127353
  -23.522326    0.128351
  -23.465948    0.128237
  -23.409571    0.130454
  -23.353194    0.136323
  -23.296817    0.143132
  -23.240440    0.146341
  -23.184062    0.144801
  -23.127685    0.141138
  -23.071308    0.137323
  -23.014931    0.134544
  -22.958553    0.135071
  -22.902176    0.140613
  -22.845799    0.149967
  -22.789422    0.158787
  -22.733044    0.161958
  -22.676667    0.157444
  -22.620290    0.148600
  -22.563913    0.140989
  -22.507536    0.137297
  -22.451158    0.136573
  -22.394781    0.137383
  -22.338404    0.140621
  -22.282027    0.147838
  -22.225649    0.157794
  -22.169272    0.166223
  -22.112895    0.170013
  -22.056518    0.169560
  -22.000140    0.164880
  -21.943763    0.155241
  -21.887386    0.143376
  -21.831009    0.134163
  -21.774631    0.130590
  -21.718254    0.132874
  -21.661877    0.139186
  -21.605500    0.147197
  -21.549123    0.156197
  -21.492745    0.166147
  -21.436368    0.174684
  -21.379991    0.177867
  -21.323614    0.174268
  -21.267236    0.167459
  -21.210859    0.162395
  -21.154482    0.159818
  -21.098105    0.155851
  -21.041727    0.147477
  -20.985350    0.137039
  -20.928973    0.129271
  -20.872596    0.127223
  -20.816219    0.131973
  -20.759841    0.143278
  -20.703464    0.159183
  -20.647087    0.175417
  -20.590710    0.186828
  -20.534332    0.190852
  -20.477955    0.189098
  -20.421578    0.183513
  -20.365201    0.173821
  -20.308823    0.161669
  -20.252446    0.151722
  -20.196069    0.147405
  -20.139692    0.148473
  -20.083315    0.151006
  -20.026937    0.149859
  -19.970560    0.143992
  -19.914183    0.137629
  -19.857806    0.135507
  -19.801428    0.140152
  -19.745051    0.152193
  -19.688674    0.170326
  -19.632297    0.190250
  -19.575919    0.204868
  -19.519542    0.208309
  -19.463165    0.201761
  -19.406788    0.192366
  -19.350411    0.184630
  -19.294033    0.176776
  -19.237656    0.166010
  -19.181279    0.154265
  -19.124902    0.146079
  -19.068524    0.144186
  -19.012147    0.148380
  -18.955770    0.155502
  -18.899393    0.160578
  -18.843015    0.161439
  -18.786638    0.161679
  -18.730261    0.166486
  -18.673884    0.177897
  -18.617507    0.193448
  -18.561129    0.207275
  -18.504752    0.214113
  -18.448375    0.211721
  -18.391998    0.199034
  -18.335620    0.177512
  -18.279243    0.152766
  -18.222866    0.130618
  -18.166489    0.113812
  -18.110111    0.102611
  -18.053734    0.096421
  -17.997357    0.094702
  -17.940980    0.097223
  -17.884603    0.103972
  -17.828225    0.114719
  -17.771848    0.128286
  -17.715471    0.142295
  -17.659094    0.154536
  -17.602716    0.164522
  -17.546339    0.172061
  -17.489962    0.175590
  -17.433585    0.175281
  -17.377207    0.173940
  -17.320830    0.172053
  -17.264453    0.166976
  -17.208076    0.158669
  -17.151699    0.151514
  -17.095321    0.149950
  -17.038944    0.155891
  -16.982567    0.168565
  -16.926190    0.183941
  -16.869812    0.195327
  -16.813435    0.198554
  -16.757058    0.196391
  -16.700681    0.194143
  -16.644303    0.194079
  -16.587926    0.195919
  -16.531549    0.197257
  -16.475172    0.193314
  -16.418795    0.181454
  -16.362417    0.165259
  -16.306040    0.151088
  -16.249663    0.143111
  -16.193286    0.142817
  -16.136908    0.150271
  -16.080531    0.164178
  -16.024154    0.180629
  -15.967777    0.193032
  -15.911399    0.195807
  -15.855022    0.188243
  -15.798645    0.174986
  -15.742268    0.162986
  -15.685891    0.156736
  -15.629513    0.156383
  -15.573136    0.158123
  -15.516759    0.156675
  -15.460382    0.150642
  -15.404004    0.144024
  -15.347627    0.141513
  -15.291250    0.145427
  -15.234873    0.155793
  -15.178495    0.170794
  -15.122118    0.187589
  -15.065741    0.202886
  -15.009364    0.211231
  -14.952987    0.206772
  -14.896609    0.190187
  -14.840232    0.168817
  -14.783855    0.149955
  -14.727478    0.137195
  -14.671100    0.131377
  -14.614723    0.132477
  -14.558346    0.140609
  -14.501969    0.156138
  -14.445591    0.178904
  -14.389214    0.206433
  -14.332837    0.232676
  -14.276460    0.251217
  -14.220082    0.259681
  -14.163705    0.256322
  -14.107328    0.238904
  -14.050951    0.211750
  -13.994574    0.184217
  -13.938196    0.162806
  -13.881819    0.149533
  -13.825442    0.144327
  -13.769065    0.146818
  -13.712687    0.156779
  -13.656310    0.173437
  -13.599933    0.193740
  -13.543556    0.211138
  -13.487178    0.218546
  -13.430801    0.214489
  -13.374424    0.204891
  -13.318047    0.197965
  -13.261670    0.198476
  -13.205292    0.206235
  -13.148915    0.217206
  -13.092538    0.227221
  -13.036161    0.236020
  -12.979783    0.244206
  -12.923406    0.248668
  -12.867029    0.246809
  -12.810652    0.241501
  -12.754274    0.236175
  -12.697897    0.230239
  -12.641520    0.223454
  -12.585143    0.219166
  -12.528766    0.219904
  -12.472388    0.223688
  -12.416011    0.226651
  -12.359634    0.229142
  -12.303257    0.236214
  -12.246879    0.252476
  -12.190502    0.279206
  -12.134125    0.313881
  -12.077748    0.350255
  -12.021370    0.380056
  -11.964993    0.396010
  -11.908616    0.396700
  -11.852239    0.388333
  -11.795862    0.378710
  -11.739484    0.370735
  -11.683107    0.362472
  -11.626730    0.353164
  -11.570353    0.347001
  -11.513975    0.348993
  -11.457598    0.359783
  -11.401221    0.377623
  -11.344844    0.402335
  -11.288466    0.431306
  -11.232089    0.455540
  -11.175712    0.466890
  -11.119335    0.464987
  -11.062958    0.454626
  -11.006580    0.443098
  -10.950203    0.436931
  -10.893826    0.437397
  -10.837449    0.441441
  -10.781071    0.444705
  -10.724694    0.442636
  -10.668317    0.433088
  -10.611940    0.417811
  -10.555562    0.399323
  -10.499185    0.379793
  -10.442808    0.363277
  -10.386431    0.354615
  -10.330054    0.355729
  -10.273676    0.363745
  -10.217299    0.371137
  -10.160922    0.368708
  -10.104545    0.354788
  -10.048167    0.337582
   -9.991790    0.324473
   -9.935413    0.316298
   -9.879036    0.312993
   -9.822658    0.317261
   -9.766281    0.329439
   -9.709904    0.343606
   -9.653527    0.351931
   -9.597150    0.350400
   -9.540772    0.338261
   -9.484395    0.318949
   -9.428018    0.300625
   -9.371641    0.289467
   -9.315263    0.285118
   -9.258886    0.283305
   -9.202509    0.280999
   -9.146132    0.280136
   -9.089754    0.285837
   -9.033377    0.299558
   -8.977000    0.314768
   -8.920623    0.320408
   -8.864246    0.311033
   -8.807868    0.290898
   -8.751491    0.269099
   -8.695114    0.253540
   -8.638737    0.247035
   -8.582359    0.247996
   -8.525982    0.254093
   -8.469605    0.264249
   -8.413228    0.277636
   -8.356850    0.291679
   -8.300473    0.301485
   -8.244096    0.303806
   -8.187719    0.298324
   -8.131342    0.285986
   -8.074964    0.271498
   -8.018587    0.261096
   -7.962210    0.256326
   -7.905833    0.253519
   -7.849455    0.247183
   -7.793078    0.234069
   -7.736701    0.216624
   -7.680324    0.200845
   -7.623946    0.191118
   -7.567569    0.188698
   -7.511192    0.193246
   -7.454815    0.203515
   -7.398438    0.217542
   -7.342060    0.233402
   -7.285683    0.247980
   -7.229306    0.256956
   -7.172929    0.258769
   -7.116551    0.254768
   -7.060174    0.246193
   -7.003797    0.233787
   -6.947420    0.216934
   -6.891042    0.195677
   -6.834665    0.173669
   -6.778288    0.155685
   -6.721911    0.144391
   -6.665533    0.139918
   -6.609156    0.140513
   -6.552779    0.143595
   -6.496402    0.148121
   -6.440025    0.155449
   -6.383647    0.165967
   -6.327270    0.175811
   -6.270893    0.178441
   -6.214516    0.169801
   -6.158138    0.151198
   -6.101761    0.128355
   -6.045384    0.107120
   -5.989007    0.090260
   -5.932629    0.078058
   -5.876252    0.069913
   -5.819875    0.065195
   -5.763498    0.063469
   -5.707121    0.064337
   -5.650743    0.066946
   -5.594366    0.069374
   -5.537989    0.069179
   -5.481612    0.065797
   -5.425234    0.061302
   -5.368857    0.058063
   -5.312480    0.057132
   -5.256103    0.058144
   -5.199725    0.059285
   -5.143348    0.057892
   -5.086971    0.052810
   -5.030594    0.045617
   -4.974217    0.038507
   -4.917839    0.032558
   -4.861462    0.027900
   -4.805085    0.024314
   -4.748708    0.021534
   -4.692330    0.019343
   -4.635953    0.017585
   -4.579576    0.016147
   -4.523199    0.014949
   -4.466821    0.013935
   -4.410444    0.013066
   -4.354067    0.012310
   -4.297690    0.011647
   -4.241313    0.011059
   -4.184935    0.010533
   -4.128558    0.010059
   -4.072181    0.009630
   -4.015804    0.009238
   -3.959426    0.008879
   -3.903049    0.008548
   -3.846672    0.008243
   -3.790295    0.007959
   -3.733917    0.007694
   -3.677540    0.007447
   -3.621163    0.007216
   -3.564786    0.006999
   -3.508409    0.006794
   -3.452031    0.006601
   -3.395654    0.006418
   -3.339277    0.006245
   -3.282900    0.006081
   -3.226522    0.005925
   -3.170145    0.005776
   -3.113768    0.005634
   -3.057391    0.005499
   -3.001013    0.005370
   -2.944636    0.005246
   -2.888259    0.005128
   -2.831882    0.005014
   -2.775505    0.004905
   -2.719127    0.004801
   -2.662750    0.004700
   -2.606373    0.004603
   -2.549996    0.004510
   -2.493618    0.004420
   -2.437241    0.004333
   -2.380864    0.004249
   -2.324487    0.004169
   -2.268109    0.004090
   -2.211732    0.004015
   -2.155355    0.003942
   -2.098978    0.003871
   -2.042601    0.003802
   -1.986223    0.003736
   -1.929846    0.003671
   -1.873469    0.003609
   -1.817092    0.003548
   -1.760714    0.003489
   -1.704337    0.003432
   -1.647960    0.003376
   -1.591583    0.003322
   -1.535205    0.003270
   -1.478828    0.003218
   -1.422451    0.003169
   -1.366074    0.003120
   -1.309697    0.003073
   -1.253319    0.003027
   -1.196942    0.002982
   -1.140565    0.002938
   -1.084188    0.002896
   -1.027810    0.002854
   -0.971433    0.002813
   -0.915056    0.002774
   -0.858679    0.002735
   -0.802301    0.002697
   -0.745924    0.002660
   -0.689547    0.002624
   -0.633170    0.002589
   -0.576793    0.002555
   -0.520415    0.002521
   -0.464038    0.002488
