# occupations | eigenvalue[a.u.] | Im(eigenvalue) [a.u.] | k-points | k-weights | filename | ik | ist | idim
%Occupations_Eigenvalues_K-Points
 0.2000000000000000E+01 | -0.8557903734881762E+00 |  0.0000000000000000E+00 |  0.0000000000000000E+00 |  0.0000000000000000E+00 |  0.0000000000000000E+00 |  0.3906250000000000E-02 | 0000000001 |        1 |        1 |        1
 0.2000000000000000E+01 | -0.4184682763877559E+00 |  0.0000000000000000E+00 |  0.0000000000000000E+00 |  0.0000000000000000E+00 |  0.0000000000000000E+00 |  0.3906250000000000E-02 | 0000000002 |        1 |        2 |        1
 0.2000000000000000E+01 | -0.2953934886257319E+00 |  0.0000000000000000E+00 |  0.0000000000000000E+00 |  0.0000000000000000E+00 |  0.0000000000000000E+00 |  0.3906250000000000E-02 | 0000000003 |        1 |        3 |        1
 0.2000000000000000E+01 | -0.2953775010995515E+00 |  0.0000000000000000E+00 |  0.0000000000000000E+00 |  0.0000000000000000E+00 |  0.0000000000000000E+00 |  0.3906250000000000E-02 | 0000000004 |        1 |        4 |        1
 0.2000000000000000E+01 | -0.8529958359000316E+00 |  0.0000000000000000E+00 |  0.8302952288129584E-01 |  0.4793711738620234E-01 |  0.0000000000000000E+00 |  0.2343750000000000E-01 | 0000000005 |        2 |        1 |        1
 0.2000000000000000E+01 | -0.4147060354953350E+00 |  0.0000000000000000E+00 |  0.8302952288129584E-01 |  0.4793711738620234E-01 |  0.0000000000000000E+00 |  0.2343750000000000E-01 | 0000000006 |        2 |        2 |        1
 0.2000000000000000E+01 | -0.3058328296537223E+00 |  0.0000000000000000E+00 |  0.8302952288129584E-01 |  0.4793711738620234E-01 |  0.0000000000000000E+00 |  0.2343750000000000E-01 | 0000000007 |        2 |        3 |        1
 0.2000000000000000E+01 | -0.3005690354235322E+00 |  0.0000000000000000E+00 |  0.8302952288129584E-01 |  0.4793711738620234E-01 |  0.0000000000000000E+00 |  0.2343750000000000E-01 | 0000000008 |        2 |        4 |        1
 0.2000000000000000E+01 | -0.8474417160057828E+00 |  0.0000000000000000E+00 |  0.8302952288129584E-01 |  0.1438113521586070E+00 |  0.0000000000000000E+00 |  0.2343750000000000E-01 | 0000000009 |        3 |        1 |        1
 0.2000000000000000E+01 | -0.4072240292282942E+00 |  0.0000000000000000E+00 |  0.8302952288129584E-01 |  0.1438113521586070E+00 |  0.0000000000000000E+00 |  0.2343750000000000E-01 | 0000000010 |        3 |        2 |        1
 0.2000000000000000E+01 | -0.3245808268779739E+00 |  0.0000000000000000E+00 |  0.8302952288129584E-01 |  0.1438113521586070E+00 |  0.0000000000000000E+00 |  0.2343750000000000E-01 | 0000000011 |        3 |        3 |        1
 0.2000000000000000E+01 | -0.3108695741255408E+00 |  0.0000000000000000E+00 |  0.8302952288129584E-01 |  0.1438113521586070E+00 |  0.0000000000000000E+00 |  0.2343750000000000E-01 | 0000000012 |        3 |        4 |        1
 0.2000000000000000E+01 | -0.8446835635040234E+00 |  0.0000000000000000E+00 |  0.1660590457625917E+00 |  0.9587423477240468E-01 |  0.0000000000000000E+00 |  0.2343750000000000E-01 | 0000000013 |        4 |        1 |        1
 0.2000000000000000E+01 | -0.4035059340913841E+00 |  0.0000000000000000E+00 |  0.1660590457625917E+00 |  0.9587423477240468E-01 |  0.0000000000000000E+00 |  0.2343750000000000E-01 | 0000000014 |        4 |        2 |        1
 0.2000000000000000E+01 | -0.3345013790578598E+00 |  0.0000000000000000E+00 |  0.1660590457625917E+00 |  0.9587423477240468E-01 |  0.0000000000000000E+00 |  0.2343750000000000E-01 | 0000000015 |        4 |        3 |        1
 0.2000000000000000E+01 | -0.3143574679217724E+00 |  0.0000000000000000E+00 |  0.1660590457625917E+00 |  0.9587423477240468E-01 |  0.0000000000000000E+00 |  0.2343750000000000E-01 | 0000000016 |        4 |        4 |        1
 0.2000000000000000E+01 | -0.8364835790943356E+00 |  0.0000000000000000E+00 |  0.1660590457625917E+00 |  0.1917484695448094E+00 |  0.0000000000000000E+00 |  0.4687500000000000E-01 | 0000000017 |        5 |        1 |        1
 0.2000000000000000E+01 | -0.3924422148870846E+00 |  0.0000000000000000E+00 |  0.1660590457625917E+00 |  0.1917484695448094E+00 |  0.0000000000000000E+00 |  0.4687500000000000E-01 | 0000000018 |        5 |        2 |        1
 0.2000000000000000E+01 | -0.3577359509207078E+00 |  0.0000000000000000E+00 |  0.1660590457625917E+00 |  0.1917484695448094E+00 |  0.0000000000000000E+00 |  0.4687500000000000E-01 | 0000000019 |        5 |        3 |        1
 0.2000000000000000E+01 | -0.3286569337237020E+00 |  0.0000000000000000E+00 |  0.1660590457625917E+00 |  0.1917484695448094E+00 |  0.0000000000000000E+00 |  0.4687500000000000E-01 | 0000000020 |        5 |        4 |        1
 0.2000000000000000E+01 | -0.8230907035501869E+00 |  0.0000000000000000E+00 |  0.1660590457625917E+00 |  0.2876227043172140E+00 |  0.0000000000000000E+00 |  0.2343750000000000E-01 | 0000000021 |        6 |        1 |        1
 0.2000000000000000E+01 | -0.3896001486735641E+00 |  0.0000000000000000E+00 |  0.1660590457625917E+00 |  0.2876227043172140E+00 |  0.0000000000000000E+00 |  0.2343750000000000E-01 | 0000000022 |        6 |        2 |        1
 0.2000000000000000E+01 | -0.3743346108953549E+00 |  0.0000000000000000E+00 |  0.1660590457625917E+00 |  0.2876227043172140E+00 |  0.0000000000000000E+00 |  0.2343750000000000E-01 | 0000000023 |        6 |        3 |        1
 0.2000000000000000E+01 | -0.3512502332246629E+00 |  0.0000000000000000E+00 |  0.1660590457625917E+00 |  0.2876227043172140E+00 |  0.0000000000000000E+00 |  0.2343750000000000E-01 | 0000000024 |        6 |        4 |        1
 0.2000000000000000E+01 | -0.8310923948250348E+00 |  0.0000000000000000E+00 |  0.2490885686438875E+00 |  0.1438113521586070E+00 |  0.0000000000000000E+00 |  0.2343750000000000E-01 | 0000000025 |        7 |        1 |        1
 0.2000000000000000E+01 | -0.3851577046495140E+00 |  0.0000000000000000E+00 |  0.2490885686438875E+00 |  0.1438113521586070E+00 |  0.0000000000000000E+00 |  0.2343750000000000E-01 | 0000000026 |        7 |        2 |        1
 0.2000000000000000E+01 | -0.3753971308822007E+00 |  0.0000000000000000E+00 |  0.2490885686438875E+00 |  0.1438113521586070E+00 |  0.0000000000000000E+00 |  0.2343750000000000E-01 | 0000000027 |        7 |        3 |        1
 0.2000000000000000E+01 | -0.3328495517909768E+00 |  0.0000000000000000E+00 |  0.2490885686438875E+00 |  0.1438113521586070E+00 |  0.0000000000000000E+00 |  0.2343750000000000E-01 | 0000000028 |        7 |        4 |        1
 0.2000000000000000E+01 | -0.8204759137264656E+00 |  0.0000000000000000E+00 |  0.2490885686438875E+00 |  0.2396855869310117E+00 |  0.0000000000000000E+00 |  0.4687500000000000E-01 | 0000000029 |        8 |        1 |        1
 0.2000000000000000E+01 | -0.4003097774324430E+00 |  0.0000000000000000E+00 |  0.2490885686438875E+00 |  0.2396855869310117E+00 |  0.0000000000000000E+00 |  0.4687500000000000E-01 | 0000000030 |        8 |        2 |        1
 0.2000000000000000E+01 | -0.3707901611397063E+00 |  0.0000000000000000E+00 |  0.2490885686438875E+00 |  0.2396855869310117E+00 |  0.0000000000000000E+00 |  0.4687500000000000E-01 | 0000000031 |        8 |        3 |        1
 0.2000000000000000E+01 | -0.3489531134209525E+00 |  0.0000000000000000E+00 |  0.2490885686438875E+00 |  0.2396855869310117E+00 |  0.0000000000000000E+00 |  0.4687500000000000E-01 | 0000000032 |        8 |        4 |        1
 0.2000000000000000E+01 | -0.8050230965854878E+00 |  0.0000000000000000E+00 |  0.2490885686438875E+00 |  0.3355598217034164E+00 |  0.0000000000000000E+00 |  0.4687500000000000E-01 | 0000000033 |        9 |        1 |        1
 0.2000000000000000E+01 | -0.4284081776074224E+00 |  0.0000000000000000E+00 |  0.2490885686438875E+00 |  0.3355598217034164E+00 |  0.0000000000000000E+00 |  0.4687500000000000E-01 | 0000000034 |        9 |        2 |        1
 0.2000000000000000E+01 | -0.3748768645037325E+00 |  0.0000000000000000E+00 |  0.2490885686438875E+00 |  0.3355598217034164E+00 |  0.0000000000000000E+00 |  0.4687500000000000E-01 | 0000000035 |        9 |        3 |        1
 0.2000000000000000E+01 | -0.3498088151915667E+00 |  0.0000000000000000E+00 |  0.2490885686438875E+00 |  0.3355598217034164E+00 |  0.0000000000000000E+00 |  0.4687500000000000E-01 | 0000000036 |        9 |        4 |        1
 0.2000000000000000E+01 | -0.8127220764874222E+00 |  0.0000000000000000E+00 |  0.3321180915251833E+00 |  0.1917484695448094E+00 |  0.0000000000000000E+00 |  0.2343750000000000E-01 | 0000000037 |       10 |        1 |        1
 0.2000000000000000E+01 | -0.4223616386874591E+00 |  0.0000000000000000E+00 |  0.3321180915251833E+00 |  0.1917484695448094E+00 |  0.0000000000000000E+00 |  0.2343750000000000E-01 | 0000000038 |       10 |        2 |        1
 0.2000000000000000E+01 | -0.3602670451654543E+00 |  0.0000000000000000E+00 |  0.3321180915251833E+00 |  0.1917484695448094E+00 |  0.0000000000000000E+00 |  0.2343750000000000E-01 | 0000000039 |       10 |        3 |        1
 0.2000000000000000E+01 | -0.3521681077128633E+00 |  0.0000000000000000E+00 |  0.3321180915251833E+00 |  0.1917484695448094E+00 |  0.0000000000000000E+00 |  0.2343750000000000E-01 | 0000000040 |       10 |        4 |        1
 0.2000000000000000E+01 | -0.8001291748121689E+00 |  0.0000000000000000E+00 |  0.3321180915251833E+00 |  0.2876227043172140E+00 |  0.0000000000000000E+00 |  0.4687500000000000E-01 | 0000000041 |       11 |        1 |        1
 0.2000000000000000E+01 | -0.4468737028749028E+00 |  0.0000000000000000E+00 |  0.3321180915251833E+00 |  0.2876227043172140E+00 |  0.0000000000000000E+00 |  0.4687500000000000E-01 | 0000000042 |       11 |        2 |        1
 0.2000000000000000E+01 | -0.3681547005662190E+00 |  0.0000000000000000E+00 |  0.3321180915251833E+00 |  0.2876227043172140E+00 |  0.0000000000000000E+00 |  0.4687500000000000E-01 | 0000000043 |       11 |        3 |        1
 0.2000000000000000E+01 | -0.3431283217945754E+00 |  0.0000000000000000E+00 |  0.3321180915251833E+00 |  0.2876227043172140E+00 |  0.0000000000000000E+00 |  0.4687500000000000E-01 | 0000000044 |       11 |        4 |        1
 0.2000000000000000E+01 | -0.7855013548355696E+00 |  0.0000000000000000E+00 |  0.2490885686438875E+00 |  0.4314340564758211E+00 |  0.0000000000000000E+00 |  0.2343750000000000E-01 | 0000000045 |       12 |        1 |        1
 0.2000000000000000E+01 | -0.4593287918405691E+00 |  0.0000000000000000E+00 |  0.2490885686438875E+00 |  0.4314340564758211E+00 |  0.0000000000000000E+00 |  0.2343750000000000E-01 | 0000000046 |       12 |        2 |        1
 0.2000000000000000E+01 | -0.4029870240185884E+00 |  0.0000000000000000E+00 |  0.2490885686438875E+00 |  0.4314340564758211E+00 |  0.0000000000000000E+00 |  0.2343750000000000E-01 | 0000000047 |       12 |        3 |        1
 0.2000000000000000E+01 | -0.3231330747021194E+00 |  0.0000000000000000E+00 |  0.2490885686438875E+00 |  0.4314340564758211E+00 |  0.0000000000000000E+00 |  0.2343750000000000E-01 | 0000000048 |       12 |        4 |        1
 0.2000000000000000E+01 | -0.7833099616611833E+00 |  0.0000000000000000E+00 |  0.3321180915251833E+00 |  0.3834969390896187E+00 |  0.0000000000000000E+00 |  0.4687500000000000E-01 | 0000000049 |       13 |        1 |        1
 0.2000000000000000E+01 | -0.4706452012451789E+00 |  0.0000000000000000E+00 |  0.3321180915251833E+00 |  0.3834969390896187E+00 |  0.0000000000000000E+00 |  0.4687500000000000E-01 | 0000000050 |       13 |        2 |        1
 0.2000000000000000E+01 | -0.3949164576497912E+00 |  0.0000000000000000E+00 |  0.3321180915251833E+00 |  0.3834969390896187E+00 |  0.0000000000000000E+00 |  0.4687500000000000E-01 | 0000000051 |       13 |        3 |        1
 0.2000000000000000E+01 | -0.3201074156221536E+00 |  0.0000000000000000E+00 |  0.3321180915251833E+00 |  0.3834969390896187E+00 |  0.0000000000000000E+00 |  0.4687500000000000E-01 | 0000000052 |       13 |        4 |        1
 0.2000000000000000E+01 | -0.7905744538754018E+00 |  0.0000000000000000E+00 |  0.4151476144064792E+00 |  0.2396855869310117E+00 |  0.0000000000000000E+00 |  0.2343750000000000E-01 | 0000000053 |       14 |        1 |        1
 0.2000000000000000E+01 | -0.4701800564177231E+00 |  0.0000000000000000E+00 |  0.4151476144064792E+00 |  0.2396855869310117E+00 |  0.0000000000000000E+00 |  0.2343750000000000E-01 | 0000000054 |       14 |        2 |        1
 0.2000000000000000E+01 | -0.3694510156383745E+00 |  0.0000000000000000E+00 |  0.4151476144064792E+00 |  0.2396855869310117E+00 |  0.0000000000000000E+00 |  0.2343750000000000E-01 | 0000000055 |       14 |        3 |        1
 0.2000000000000000E+01 | -0.3300520977842197E+00 |  0.0000000000000000E+00 |  0.4151476144064792E+00 |  0.2396855869310117E+00 |  0.0000000000000000E+00 |  0.2343750000000000E-01 | 0000000056 |       14 |        4 |        1
 0.2000000000000000E+01 | -0.7634348993897603E+00 |  0.0000000000000000E+00 |  0.3321180915251833E+00 |  0.4793711738620234E+00 |  0.0000000000000000E+00 |  0.4687500000000000E-01 | 0000000057 |       15 |        1 |        1
 0.2000000000000000E+01 | -0.4927155536410960E+00 |  0.0000000000000000E+00 |  0.3321180915251833E+00 |  0.4793711738620234E+00 |  0.0000000000000000E+00 |  0.4687500000000000E-01 | 0000000058 |       15 |        2 |        1
 0.2000000000000000E+01 | -0.4259519743026072E+00 |  0.0000000000000000E+00 |  0.3321180915251833E+00 |  0.4793711738620234E+00 |  0.0000000000000000E+00 |  0.4687500000000000E-01 | 0000000059 |       15 |        3 |        1
 0.2000000000000000E+01 | -0.2925950752499142E+00 |  0.0000000000000000E+00 |  0.3321180915251833E+00 |  0.4793711738620234E+00 |  0.0000000000000000E+00 |  0.4687500000000000E-01 | 0000000060 |       15 |        4 |        1
 0.2000000000000000E+01 | -0.7768945603385302E+00 |  0.0000000000000000E+00 |  0.4151476144064792E+00 |  0.3355598217034164E+00 |  0.0000000000000000E+00 |  0.4687500000000000E-01 | 0000000061 |       16 |        1 |        1
 0.2000000000000000E+01 | -0.4923786035048964E+00 |  0.0000000000000000E+00 |  0.4151476144064792E+00 |  0.3355598217034164E+00 |  0.0000000000000000E+00 |  0.4687500000000000E-01 | 0000000062 |       16 |        2 |        1
 0.2000000000000000E+01 | -0.3840143762919376E+00 |  0.0000000000000000E+00 |  0.4151476144064792E+00 |  0.3355598217034164E+00 |  0.0000000000000000E+00 |  0.4687500000000000E-01 | 0000000063 |       16 |        3 |        1
 0.2000000000000000E+01 | -0.3112289424191914E+00 |  0.0000000000000000E+00 |  0.4151476144064792E+00 |  0.3355598217034164E+00 |  0.0000000000000000E+00 |  0.4687500000000000E-01 | 0000000064 |       16 |        4 |        1
 0.2000000000000000E+01 | -0.7600974468511834E+00 |  0.0000000000000000E+00 |  0.4151476144064792E+00 |  0.4314340564758211E+00 |  0.0000000000000000E+00 |  0.4687500000000000E-01 | 0000000065 |       17 |        1 |        1
 0.2000000000000000E+01 | -0.5108631301350758E+00 |  0.0000000000000000E+00 |  0.4151476144064792E+00 |  0.4314340564758211E+00 |  0.0000000000000000E+00 |  0.4687500000000000E-01 | 0000000066 |       17 |        2 |        1
 0.2000000000000000E+01 | -0.4097729135300093E+00 |  0.0000000000000000E+00 |  0.4151476144064792E+00 |  0.4314340564758211E+00 |  0.0000000000000000E+00 |  0.4687500000000000E-01 | 0000000067 |       17 |        3 |        1
 0.2000000000000000E+01 | -0.2878690645547547E+00 |  0.0000000000000000E+00 |  0.4151476144064792E+00 |  0.4314340564758211E+00 |  0.0000000000000000E+00 |  0.4687500000000000E-01 | 0000000068 |       17 |        4 |        1
 0.2000000000000000E+01 | -0.7427723484918543E+00 |  0.0000000000000000E+00 |  0.3321180915251833E+00 |  0.5752454086344281E+00 |  0.0000000000000000E+00 |  0.2343750000000000E-01 | 0000000069 |       18 |        1 |        1
 0.2000000000000000E+01 | -0.5131817702261565E+00 |  0.0000000000000000E+00 |  0.3321180915251833E+00 |  0.5752454086344281E+00 |  0.0000000000000000E+00 |  0.2343750000000000E-01 | 0000000070 |       18 |        2 |        1
 0.2000000000000000E+01 | -0.4534363359146755E+00 |  0.0000000000000000E+00 |  0.3321180915251833E+00 |  0.5752454086344281E+00 |  0.0000000000000000E+00 |  0.2343750000000000E-01 | 0000000071 |       18 |        3 |        1
 0.2000000000000000E+01 | -0.2633381265661175E+00 |  0.0000000000000000E+00 |  0.3321180915251833E+00 |  0.5752454086344281E+00 |  0.0000000000000000E+00 |  0.2343750000000000E-01 | 0000000072 |       18 |        4 |        1
 0.2000000000000000E+01 | -0.7419902445099262E+00 |  0.0000000000000000E+00 |  0.4151476144064792E+00 |  0.5273082912482258E+00 |  0.0000000000000000E+00 |  0.4687500000000000E-01 | 0000000073 |       19 |        1 |        1
 0.2000000000000000E+01 | -0.5239555738910331E+00 |  0.0000000000000000E+00 |  0.4151476144064792E+00 |  0.5273082912482258E+00 |  0.0000000000000000E+00 |  0.4687500000000000E-01 | 0000000074 |       19 |        2 |        1
 0.2000000000000000E+01 | -0.4410206827450662E+00 |  0.0000000000000000E+00 |  0.4151476144064792E+00 |  0.5273082912482258E+00 |  0.0000000000000000E+00 |  0.4687500000000000E-01 | 0000000075 |       19 |        3 |        1
 0.2000000000000000E+01 | -0.2621603317203202E+00 |  0.0000000000000000E+00 |  0.4151476144064792E+00 |  0.5273082912482258E+00 |  0.0000000000000000E+00 |  0.4687500000000000E-01 | 0000000076 |       19 |        4 |        1
 0.2000000000000000E+01 | -0.7667714345054689E+00 |  0.0000000000000000E+00 |  0.4981771372877750E+00 |  0.2876227043172140E+00 |  0.0000000000000000E+00 |  0.2343750000000000E-01 | 0000000077 |       20 |        1 |        1
 0.2000000000000000E+01 | -0.5139535272976239E+00 |  0.0000000000000000E+00 |  0.4981771372877750E+00 |  0.2876227043172140E+00 |  0.0000000000000000E+00 |  0.2343750000000000E-01 | 0000000078 |       20 |        2 |        1
 0.2000000000000000E+01 | -0.3828516869366694E+00 |  0.0000000000000000E+00 |  0.4981771372877750E+00 |  0.2876227043172140E+00 |  0.0000000000000000E+00 |  0.2343750000000000E-01 | 0000000079 |       20 |        3 |        1
 0.2000000000000000E+01 | -0.2971429031717654E+00 |  0.0000000000000000E+00 |  0.4981771372877750E+00 |  0.2876227043172140E+00 |  0.0000000000000000E+00 |  0.2343750000000000E-01 | 0000000080 |       20 |        4 |        1
 0.2000000000000000E+01 | -0.7539354343044543E+00 |  0.0000000000000000E+00 |  0.4981771372877750E+00 |  0.3834969390896187E+00 |  0.0000000000000000E+00 |  0.4687500000000000E-01 | 0000000081 |       21 |        1 |        1
 0.2000000000000000E+01 | -0.5313073261327932E+00 |  0.0000000000000000E+00 |  0.4981771372877750E+00 |  0.3834969390896187E+00 |  0.0000000000000000E+00 |  0.4687500000000000E-01 | 0000000082 |       21 |        2 |        1
 0.2000000000000000E+01 | -0.3951955250706506E+00 |  0.0000000000000000E+00 |  0.4981771372877750E+00 |  0.3834969390896187E+00 |  0.0000000000000000E+00 |  0.4687500000000000E-01 | 0000000083 |       21 |        3 |        1
 0.2000000000000000E+01 | -0.2790970735294928E+00 |  0.0000000000000000E+00 |  0.4981771372877750E+00 |  0.3834969390896187E+00 |  0.0000000000000000E+00 |  0.4687500000000000E-01 | 0000000084 |       21 |        4 |        1
 0.2000000000000000E+01 | -0.7400336772319593E+00 |  0.0000000000000000E+00 |  0.4981771372877750E+00 |  0.4793711738620234E+00 |  0.0000000000000000E+00 |  0.4687500000000000E-01 | 0000000085 |       22 |        1 |        1
 0.2000000000000000E+01 | -0.5419978960321314E+00 |  0.0000000000000000E+00 |  0.4981771372877750E+00 |  0.4793711738620234E+00 |  0.0000000000000000E+00 |  0.4687500000000000E-01 | 0000000086 |       22 |        2 |        1
 0.2000000000000000E+01 | -0.4188672886588705E+00 |  0.0000000000000000E+00 |  0.4981771372877750E+00 |  0.4793711738620234E+00 |  0.0000000000000000E+00 |  0.4687500000000000E-01 | 0000000087 |       22 |        3 |        1
 0.2000000000000000E+01 | -0.2591959753036737E+00 |  0.0000000000000000E+00 |  0.4981771372877750E+00 |  0.4793711738620234E+00 |  0.0000000000000000E+00 |  0.4687500000000000E-01 | 0000000088 |       22 |        4 |        1
 0.2000000000000000E+01 | -0.7256533091384341E+00 |  0.0000000000000000E+00 |  0.4151476144064792E+00 |  0.6231825260206305E+00 |  0.0000000000000000E+00 |  0.4687500000000000E-01 | 0000000089 |       23 |        1 |        1
 0.2000000000000000E+01 | -0.5303682793400858E+00 |  0.0000000000000000E+00 |  0.4151476144064792E+00 |  0.6231825260206305E+00 |  0.0000000000000000E+00 |  0.4687500000000000E-01 | 0000000090 |       23 |        2 |        1
 0.2000000000000000E+01 | -0.4710572707014743E+00 |  0.0000000000000000E+00 |  0.4151476144064792E+00 |  0.6231825260206305E+00 |  0.0000000000000000E+00 |  0.4687500000000000E-01 | 0000000091 |       23 |        3 |        1
 0.2000000000000000E+01 | -0.2380774124327508E+00 |  0.0000000000000000E+00 |  0.4151476144064792E+00 |  0.6231825260206305E+00 |  0.0000000000000000E+00 |  0.4687500000000000E-01 | 0000000092 |       23 |        4 |        1
 0.2000000000000000E+01 | -0.7274119685258863E+00 |  0.0000000000000000E+00 |  0.4981771372877750E+00 |  0.5752454086344281E+00 |  0.0000000000000000E+00 |  0.4687500000000000E-01 | 0000000093 |       24 |        1 |        1
 0.2000000000000000E+01 | -0.5441814107570191E+00 |  0.0000000000000000E+00 |  0.4981771372877750E+00 |  0.5752454086344281E+00 |  0.0000000000000000E+00 |  0.4687500000000000E-01 | 0000000094 |       24 |        2 |        1
 0.2000000000000000E+01 | -0.4483613931577964E+00 |  0.0000000000000000E+00 |  0.4981771372877750E+00 |  0.5752454086344281E+00 |  0.0000000000000000E+00 |  0.4687500000000000E-01 | 0000000095 |       24 |        3 |        1
 0.2000000000000000E+01 | -0.2406072242109993E+00 |  0.0000000000000000E+00 |  0.4981771372877750E+00 |  0.5752454086344281E+00 |  0.0000000000000000E+00 |  0.4687500000000000E-01 | 0000000096 |       24 |        4 |        1
 0.2000000000000000E+01 | -0.7460258814216044E+00 |  0.0000000000000000E+00 |  0.5812066601690709E+00 |  0.3355598217034164E+00 |  0.0000000000000000E+00 |  0.2343750000000000E-01 | 0000000097 |       25 |        1 |        1
 0.2000000000000000E+01 | -0.5472782501358781E+00 |  0.0000000000000000E+00 |  0.5812066601690709E+00 |  0.3355598217034164E+00 |  0.0000000000000000E+00 |  0.2343750000000000E-01 | 0000000098 |       25 |        2 |        1
 0.2000000000000000E+01 | -0.3912721420639745E+00 |  0.0000000000000000E+00 |  0.5812066601690709E+00 |  0.3355598217034164E+00 |  0.0000000000000000E+00 |  0.2343750000000000E-01 | 0000000099 |       25 |        3 |        1
 0.2000000000000000E+01 | -0.2677367945386007E+00 |  0.0000000000000000E+00 |  0.5812066601690709E+00 |  0.3355598217034164E+00 |  0.0000000000000000E+00 |  0.2343750000000000E-01 | 0000000100 |       25 |        4 |        1
 0.2000000000000000E+01 | -0.7379700654145047E+00 |  0.0000000000000000E+00 |  0.5812066601690709E+00 |  0.4314340564758211E+00 |  0.0000000000000000E+00 |  0.4687500000000000E-01 | 0000000101 |       26 |        1 |        1
 0.2000000000000000E+01 | -0.5555702435330439E+00 |  0.0000000000000000E+00 |  0.5812066601690709E+00 |  0.4314340564758211E+00 |  0.0000000000000000E+00 |  0.4687500000000000E-01 | 0000000102 |       26 |        2 |        1
 0.2000000000000000E+01 | -0.4009528042872456E+00 |  0.0000000000000000E+00 |  0.5812066601690709E+00 |  0.4314340564758211E+00 |  0.0000000000000000E+00 |  0.4687500000000000E-01 | 0000000103 |       26 |        3 |        1
 0.2000000000000000E+01 | -0.2560388156448886E+00 |  0.0000000000000000E+00 |  0.5812066601690709E+00 |  0.4314340564758211E+00 |  0.0000000000000000E+00 |  0.4687500000000000E-01 | 0000000104 |       26 |        4 |        1
 0.2000000000000000E+01 | -0.7155205874793645E+00 |  0.0000000000000000E+00 |  0.4151476144064792E+00 |  0.7190567607930352E+00 |  0.0000000000000000E+00 |  0.2343750000000000E-01 | 0000000105 |       27 |        1 |        1
 0.2000000000000000E+01 | -0.5304750087824841E+00 |  0.0000000000000000E+00 |  0.4151476144064792E+00 |  0.7190567607930352E+00 |  0.0000000000000000E+00 |  0.2343750000000000E-01 | 0000000106 |       27 |        2 |        1
 0.2000000000000000E+01 | -0.4918875302037223E+00 |  0.0000000000000000E+00 |  0.4151476144064792E+00 |  0.7190567607930352E+00 |  0.0000000000000000E+00 |  0.2343750000000000E-01 | 0000000107 |       27 |        3 |        1
 0.2000000000000000E+01 | -0.2223496241177214E+00 |  0.0000000000000000E+00 |  0.4151476144064792E+00 |  0.7190567607930352E+00 |  0.0000000000000000E+00 |  0.2343750000000000E-01 | 0000000108 |       27 |        4 |        1
 0.2000000000000000E+01 | -0.7186374050863537E+00 |  0.0000000000000000E+00 |  0.4981771372877750E+00 |  0.6711196434068327E+00 |  0.0000000000000000E+00 |  0.2343750000000000E-01 | 0000000109 |       28 |        1 |        1
 0.2000000000000000E+01 | -0.5376864762866176E+00 |  0.0000000000000000E+00 |  0.4981771372877750E+00 |  0.6711196434068327E+00 |  0.0000000000000000E+00 |  0.2343750000000000E-01 | 0000000110 |       28 |        2 |        1
 0.2000000000000000E+01 | -0.4768579138767806E+00 |  0.0000000000000000E+00 |  0.4981771372877750E+00 |  0.6711196434068327E+00 |  0.0000000000000000E+00 |  0.2343750000000000E-01 | 0000000111 |       28 |        3 |        1
 0.2000000000000000E+01 | -0.2272266994806418E+00 |  0.0000000000000000E+00 |  0.4981771372877750E+00 |  0.6711196434068327E+00 |  0.0000000000000000E+00 |  0.2343750000000000E-01 | 0000000112 |       28 |        4 |        1
 0.2000000000000000E+01 | -0.7314569761610833E+00 |  0.0000000000000000E+00 |  0.5812066601690709E+00 |  0.5273082912482258E+00 |  0.0000000000000000E+00 |  0.2343750000000000E-01 | 0000000113 |       29 |        1 |        1
 0.2000000000000000E+01 | -0.5544006998835356E+00 |  0.0000000000000000E+00 |  0.5812066601690709E+00 |  0.5273082912482258E+00 |  0.0000000000000000E+00 |  0.2343750000000000E-01 | 0000000114 |       29 |        2 |        1
 0.2000000000000000E+01 | -0.4219270926718916E+00 |  0.0000000000000000E+00 |  0.5812066601690709E+00 |  0.5273082912482258E+00 |  0.0000000000000000E+00 |  0.2343750000000000E-01 | 0000000115 |       29 |        3 |        1
 0.2000000000000000E+01 | -0.2465077399360014E+00 |  0.0000000000000000E+00 |  0.5812066601690709E+00 |  0.5273082912482258E+00 |  0.0000000000000000E+00 |  0.2343750000000000E-01 | 0000000116 |       29 |        4 |        1
 0.2000000000000000E+01 | -0.7370804404158053E+00 |  0.0000000000000000E+00 |  0.6642361830503667E+00 |  0.3834969390896187E+00 |  0.0000000000000000E+00 |  0.1171875000000000E-01 | 0000000117 |       30 |        1 |        1
 0.2000000000000000E+01 | -0.5605107684249034E+00 |  0.0000000000000000E+00 |  0.6642361830503667E+00 |  0.3834969390896187E+00 |  0.0000000000000000E+00 |  0.1171875000000000E-01 | 0000000118 |       30 |        2 |        1
 0.2000000000000000E+01 | -0.3941382863350485E+00 |  0.0000000000000000E+00 |  0.6642361830503667E+00 |  0.3834969390896187E+00 |  0.0000000000000000E+00 |  0.1171875000000000E-01 | 0000000119 |       30 |        3 |        1
 0.2000000000000000E+01 | -0.2546669961369157E+00 |  0.0000000000000000E+00 |  0.6642361830503667E+00 |  0.3834969390896187E+00 |  0.0000000000000000E+00 |  0.1171875000000000E-01 | 0000000120 |       30 |        4 |        1
%
