#     #k-point            #st            #dim    filename
%Complex_Wavefunctions
       1 |        1 |        1 | "0000000001"
       1 |        2 |        1 | "0000000002"
       1 |        3 |        1 | "0000000003"
       1 |        4 |        1 | "0000000004"
       2 |        1 |        1 | "0000000005"
       2 |        2 |        1 | "0000000006"
       2 |        3 |        1 | "0000000007"
       2 |        4 |        1 | "0000000008"
       3 |        1 |        1 | "0000000009"
       3 |        2 |        1 | "0000000010"
       3 |        3 |        1 | "0000000011"
       3 |        4 |        1 | "0000000012"
       4 |        1 |        1 | "0000000013"
       4 |        2 |        1 | "0000000014"
       4 |        3 |        1 | "0000000015"
       4 |        4 |        1 | "0000000016"
       5 |        1 |        1 | "0000000017"
       5 |        2 |        1 | "0000000018"
       5 |        3 |        1 | "0000000019"
       5 |        4 |        1 | "0000000020"
       6 |        1 |        1 | "0000000021"
       6 |        2 |        1 | "0000000022"
       6 |        3 |        1 | "0000000023"
       6 |        4 |        1 | "0000000024"
       7 |        1 |        1 | "0000000025"
       7 |        2 |        1 | "0000000026"
       7 |        3 |        1 | "0000000027"
       7 |        4 |        1 | "0000000028"
       8 |        1 |        1 | "0000000029"
       8 |        2 |        1 | "0000000030"
       8 |        3 |        1 | "0000000031"
       8 |        4 |        1 | "0000000032"
       9 |        1 |        1 | "0000000033"
       9 |        2 |        1 | "0000000034"
       9 |        3 |        1 | "0000000035"
       9 |        4 |        1 | "0000000036"
      10 |        1 |        1 | "0000000037"
      10 |        2 |        1 | "0000000038"
      10 |        3 |        1 | "0000000039"
      10 |        4 |        1 | "0000000040"
      11 |        1 |        1 | "0000000041"
      11 |        2 |        1 | "0000000042"
      11 |        3 |        1 | "0000000043"
      11 |        4 |        1 | "0000000044"
      12 |        1 |        1 | "0000000045"
      12 |        2 |        1 | "0000000046"
      12 |        3 |        1 | "0000000047"
      12 |        4 |        1 | "0000000048"
      13 |        1 |        1 | "0000000049"
      13 |        2 |        1 | "0000000050"
      13 |        3 |        1 | "0000000051"
      13 |        4 |        1 | "0000000052"
      14 |        1 |        1 | "0000000053"
      14 |        2 |        1 | "0000000054"
      14 |        3 |        1 | "0000000055"
      14 |        4 |        1 | "0000000056"
      15 |        1 |        1 | "0000000057"
      15 |        2 |        1 | "0000000058"
      15 |        3 |        1 | "0000000059"
      15 |        4 |        1 | "0000000060"
      16 |        1 |        1 | "0000000061"
      16 |        2 |        1 | "0000000062"
      16 |        3 |        1 | "0000000063"
      16 |        4 |        1 | "0000000064"
      17 |        1 |        1 | "0000000065"
      17 |        2 |        1 | "0000000066"
      17 |        3 |        1 | "0000000067"
      17 |        4 |        1 | "0000000068"
      18 |        1 |        1 | "0000000069"
      18 |        2 |        1 | "0000000070"
      18 |        3 |        1 | "0000000071"
      18 |        4 |        1 | "0000000072"
      19 |        1 |        1 | "0000000073"
      19 |        2 |        1 | "0000000074"
      19 |        3 |        1 | "0000000075"
      19 |        4 |        1 | "0000000076"
      20 |        1 |        1 | "0000000077"
      20 |        2 |        1 | "0000000078"
      20 |        3 |        1 | "0000000079"
      20 |        4 |        1 | "0000000080"
      21 |        1 |        1 | "0000000081"
      21 |        2 |        1 | "0000000082"
      21 |        3 |        1 | "0000000083"
      21 |        4 |        1 | "0000000084"
      22 |        1 |        1 | "0000000085"
      22 |        2 |        1 | "0000000086"
      22 |        3 |        1 | "0000000087"
      22 |        4 |        1 | "0000000088"
      23 |        1 |        1 | "0000000089"
      23 |        2 |        1 | "0000000090"
      23 |        3 |        1 | "0000000091"
      23 |        4 |        1 | "0000000092"
      24 |        1 |        1 | "0000000093"
      24 |        2 |        1 | "0000000094"
      24 |        3 |        1 | "0000000095"
      24 |        4 |        1 | "0000000096"
      25 |        1 |        1 | "0000000097"
      25 |        2 |        1 | "0000000098"
      25 |        3 |        1 | "0000000099"
      25 |        4 |        1 | "0000000100"
      26 |        1 |        1 | "0000000101"
      26 |        2 |        1 | "0000000102"
      26 |        3 |        1 | "0000000103"
      26 |        4 |        1 | "0000000104"
      27 |        1 |        1 | "0000000105"
      27 |        2 |        1 | "0000000106"
      27 |        3 |        1 | "0000000107"
      27 |        4 |        1 | "0000000108"
      28 |        1 |        1 | "0000000109"
      28 |        2 |        1 | "0000000110"
      28 |        3 |        1 | "0000000111"
      28 |        4 |        1 | "0000000112"
      29 |        1 |        1 | "0000000113"
      29 |        2 |        1 | "0000000114"
      29 |        3 |        1 | "0000000115"
      29 |        4 |        1 | "0000000116"
      30 |        1 |        1 | "0000000117"
      30 |        2 |        1 | "0000000118"
      30 |        3 |        1 | "0000000119"
      30 |        4 |        1 | "0000000120"
%
Iter =      20
