#iter energy            energy_diff  abs_dens     rel_dens     abs_ev       rel_ev      
    1   -8.13036205E+00  8.13036E+00  1.82627E+00  2.28283E-01  6.73836E-01  1.93869E+00
    2   -8.01884441E+00  1.11518E-01  3.80878E-01  4.76098E-02  3.36340E-02  1.07135E-01
    3   -7.95333438E+00  6.55100E-02  1.23950E-01  1.54938E-02  4.14689E-02  1.52196E-01
    4   -7.91881919E+00  3.45152E-02  5.50113E-02  6.87641E-03  2.40603E-02  9.68574E-02
    5   -7.93048974E+00  1.16706E-02  1.38671E-02  1.73339E-03  9.09045E-03  3.53027E-02
    6   -7.93606040E+00  5.57066E-03  7.57673E-03  9.47091E-04  4.14153E-03  1.58290E-02
    7   -7.93512354E+00  9.36862E-04  1.05463E-03  1.31829E-04  7.42705E-04  2.84671E-03
    8   -7.93560291E+00  4.79370E-04  6.56732E-04  8.20915E-05  3.55897E-04  1.36226E-03
    9   -7.93552218E+00  8.07350E-05  9.17828E-05  1.14729E-05  6.35834E-05  2.43436E-04
   10   -7.93551578E+00  6.40031E-06  6.54276E-06  8.17845E-07  5.22379E-06  2.00003E-05
   11   -7.93551599E+00  2.16671E-07  5.42119E-07  6.77649E-08  1.36296E-07  5.21835E-07
