# energy [H], band-resolved DOS
   -0.423972    0.011815
   -0.422298    0.011901
   -0.420624    0.011988
   -0.418950    0.012077
   -0.417276    0.012166
   -0.415602    0.012256
   -0.413928    0.012348
   -0.412254    0.012440
   -0.410580    0.012533
   -0.408906    0.012628
   -0.407232    0.012724
   -0.405558    0.012820
   -0.403884    0.012918
   -0.402210    0.013017
   -0.400536    0.013117
   -0.398862    0.013218
   -0.397188    0.013320
   -0.395514    0.013424
   -0.393840    0.013529
   -0.392167    0.013635
   -0.390493    0.013742
   -0.388819    0.013851
   -0.387145    0.013960
   -0.385471    0.014072
   -0.383797    0.014184
   -0.382123    0.014298
   -0.380449    0.014413
   -0.378775    0.014530
   -0.377101    0.014648
   -0.375427    0.014768
   -0.373753    0.014889
   -0.372079    0.015011
   -0.370405    0.015135
   -0.368731    0.015261
   -0.367057    0.015388
   -0.365383    0.015517
   -0.363709    0.015648
   -0.362035    0.015780
   -0.360362    0.015914
   -0.358688    0.016049
   -0.357014    0.016187
   -0.355340    0.016326
   -0.353666    0.016466
   -0.351992    0.016609
   -0.350318    0.016754
   -0.348644    0.016900
   -0.346970    0.017049
   -0.345296    0.017199
   -0.343622    0.017352
   -0.341948    0.017506
   -0.340274    0.017663
   -0.338600    0.017822
   -0.336926    0.017983
   -0.335252    0.018146
   -0.333578    0.018311
   -0.331904    0.018479
   -0.330230    0.018649
   -0.328557    0.018821
   -0.326883    0.018996
   -0.325209    0.019173
   -0.323535    0.019353
   -0.321861    0.019535
   -0.320187    0.019720
   -0.318513    0.019908
   -0.316839    0.020098
   -0.315165    0.020291
   -0.313491    0.020487
   -0.311817    0.020686
   -0.310143    0.020887
   -0.308469    0.021092
   -0.306795    0.021300
   -0.305121    0.021511
   -0.303447    0.021725
   -0.301773    0.021942
   -0.300099    0.022163
   -0.298425    0.022386
   -0.296752    0.022614
   -0.295078    0.022845
   -0.293404    0.023079
   -0.291730    0.023317
   -0.290056    0.023559
   -0.288382    0.023805
   -0.286708    0.024055
   -0.285034    0.024308
   -0.283360    0.024566
   -0.281686    0.024828
   -0.280012    0.025094
   -0.278338    0.025364
   -0.276664    0.025639
   -0.274990    0.025919
   -0.273316    0.026203
   -0.271642    0.026492
   -0.269968    0.026785
   -0.268294    0.027084
   -0.266620    0.027388
   -0.264947    0.027696
   -0.263273    0.028011
   -0.261599    0.028330
   -0.259925    0.028656
   -0.258251    0.028987
   -0.256577    0.029323
   -0.254903    0.029666
   -0.253229    0.030015
   -0.251555    0.030370
   -0.249881    0.030732
   -0.248207    0.031100
   -0.246533    0.031474
   -0.244859    0.031856
   -0.243185    0.032245
   -0.241511    0.032641
   -0.239837    0.033045
   -0.238163    0.033456
   -0.236489    0.033875
   -0.234815    0.034302
   -0.233142    0.034737
   -0.231468    0.035181
   -0.229794    0.035633
   -0.228120    0.036094
   -0.226446    0.036565
   -0.224772    0.037045
   -0.223098    0.037534
   -0.221424    0.038033
   -0.219750    0.038543
   -0.218076    0.039063
   -0.216402    0.039594
   -0.214728    0.040136
   -0.213054    0.040689
   -0.211380    0.041254
   -0.209706    0.041831
   -0.208032    0.042420
   -0.206358    0.043022
   -0.204684    0.043637
   -0.203010    0.044266
   -0.201337    0.044909
   -0.199663    0.045566
   -0.197989    0.046237
   -0.196315    0.046924
   -0.194641    0.047627
   -0.192967    0.048346
   -0.191293    0.049081
   -0.189619    0.049834
   -0.187945    0.050605
   -0.186271    0.051393
   -0.184597    0.052201
   -0.182923    0.053029
   -0.181249    0.053876
   -0.179575    0.054745
   -0.177901    0.055635
   -0.176227    0.056547
   -0.174553    0.057483
   -0.172879    0.058443
   -0.171205    0.059427
   -0.169532    0.060437
   -0.167858    0.061473
   -0.166184    0.062537
   -0.164510    0.063629
   -0.162836    0.064751
   -0.161162    0.065903
   -0.159488    0.067087
   -0.157814    0.068305
   -0.156140    0.069556
   -0.154466    0.070843
   -0.152792    0.072167
   -0.151118    0.073529
   -0.149444    0.074932
   -0.147770    0.076375
   -0.146096    0.077862
   -0.144422    0.079394
   -0.142748    0.080973
   -0.141074    0.082601
   -0.139400    0.084280
   -0.137726    0.086012
   -0.136053    0.087800
   -0.134379    0.089645
   -0.132705    0.091551
   -0.131031    0.093520
   -0.129357    0.095556
   -0.127683    0.097661
   -0.126009    0.099838
   -0.124335    0.102091
   -0.122661    0.104424
   -0.120987    0.106841
   -0.119313    0.109345
   -0.117639    0.111942
   -0.115965    0.114635
   -0.114291    0.117430
   -0.112617    0.120333
   -0.110943    0.123348
   -0.109269    0.126483
   -0.107595    0.129743
   -0.105921    0.133136
   -0.104248    0.136669
   -0.102574    0.140351
   -0.100900    0.144190
   -0.099226    0.148194
   -0.097552    0.152376
   -0.095878    0.156745
   -0.094204    0.161313
   -0.092530    0.166092
   -0.090856    0.171098
   -0.089182    0.176344
   -0.087508    0.181846
   -0.085834    0.187624
   -0.084160    0.193695
   -0.082486    0.200082
   -0.080812    0.206806
   -0.079138    0.213894
   -0.077464    0.221372
   -0.075790    0.229273
   -0.074116    0.237628
   -0.072443    0.246477
   -0.070769    0.255859
   -0.069095    0.265821
   -0.067421    0.276413
   -0.065747    0.287693
   -0.064073    0.299725
   -0.062399    0.312579
   -0.060725    0.326337
   -0.059051    0.341089
   -0.057377    0.356939
   -0.055703    0.374005
   -0.054029    0.392419
   -0.052355    0.412337
   -0.050681    0.433936
   -0.049007    0.457420
   -0.047333    0.483028
   -0.045659    0.511039
   -0.043985    0.541780
   -0.042311    0.575639
   -0.040638    0.613078
   -0.038964    0.654647
   -0.037290    0.701012
   -0.035616    0.752985
   -0.033942    0.811556
   -0.032268    0.877953
   -0.030594    0.953707
   -0.028920    1.040746
   -0.027246    1.141525
   -0.025572    1.259199
   -0.023898    1.397865
   -0.022224    1.562893
   -0.020550    1.761369
   -0.018876    2.002671
   -0.017202    2.299143
   -0.015528    2.666680
   -0.013854    3.124630
   -0.012180    3.693485
   -0.010506    4.387249
   -0.008833    5.196624
   -0.007159    6.065938
   -0.005485    6.889330
   -0.003811    7.562342
   -0.002137    8.053765
   -0.000463    8.396603
    0.001211    8.622496
    0.002885    8.750384
    0.004559    8.805740
    0.006233    8.809878
    0.007907    8.772969
    0.009581    8.717015
    0.011255    8.678056
    0.012929    8.673960
    0.014603    8.715708
    0.016277    8.854079
    0.017951    9.160630
    0.019625    9.644594
    0.021299   10.192521
    0.022972   10.587937
    0.024646   10.620703
    0.026320   10.219597
    0.027994    9.503330
    0.029668    8.700399
    0.031342    8.008488
    0.033016    7.518837
    0.034690    7.230658
    0.036364    7.108703
    0.038038    7.136756
    0.039712    7.320814
    0.041386    7.641930
    0.043060    8.014008
    0.044734    8.289484
    0.046408    8.320526
    0.048082    8.053496
    0.049756    7.581176
    0.051430    7.081247
    0.053104    6.704628
    0.054777    6.518842
    0.056451    6.508139
    0.058125    6.593197
    0.059799    6.673286
    0.061473    6.687124
    0.063147    6.629652
    0.064821    6.511131
    0.066495    6.339439
    0.068169    6.140449
    0.069843    5.953074
    0.071517    5.785349
    0.073191    5.592676
    0.074865    5.326378
    0.076539    5.001923
    0.078213    4.694368
    0.079887    4.477366
    0.081561    4.383679
    0.083235    4.399364
    0.084909    4.470289
    0.086582    4.522625
    0.088256    4.502111
    0.089930    4.407138
    0.091604    4.286505
    0.093278    4.201178
    0.094952    4.180778
    0.096626    4.210260
    0.098300    4.253354
    0.099974    4.283912
    0.101648    4.283719
    0.103322    4.221522
    0.104996    4.063856
    0.106670    3.808289
    0.108344    3.493645
    0.110018    3.173932
    0.111692    2.885198
    0.113366    2.640792
    0.115040    2.448253
    0.116714    2.317913
    0.118387    2.257287
    0.120061    2.263091
    0.121735    2.314007
    0.123409    2.364969
    0.125083    2.356145
    0.126757    2.247315
    0.128431    2.048725
    0.130105    1.808167
    0.131779    1.572894
    0.133453    1.369121
    0.135127    1.204472
    0.136801    1.077172
    0.138475    0.982611
    0.140149    0.916315
    0.141823    0.874648
    0.143497    0.854091
    0.145171    0.849246
    0.146845    0.850107
    0.148519    0.841554
    0.150192    0.809808
    0.151866    0.752798
    0.153540    0.681155
    0.155214    0.608230
    0.156888    0.542316
    0.158562    0.486170
    0.160236    0.439455
    0.161910    0.400732
    0.163584    0.368437
    0.165258    0.341215
    0.166932    0.317991
    0.168606    0.297939
    0.170280    0.280429
    0.171954    0.264984
    0.173628    0.251234
    0.175302    0.238894
    0.176976    0.227740
    0.178650    0.217595
    0.180324    0.208316
    0.181998    0.199786
    0.183671    0.191912
    0.185345    0.184614
    0.187019    0.177825
    0.188693    0.171492
    0.190367    0.165565
    0.192041    0.160005
    0.193715    0.154777
    0.195389    0.149849
    0.197063    0.145196
    0.198737    0.140795
    0.200411    0.136624
    0.202085    0.132665
    0.203759    0.128902
    0.205433    0.125320
    0.207107    0.121907
    0.208781    0.118651
    0.210455    0.115540
    0.212129    0.112565
    0.213803    0.109718
    0.215476    0.106990
    0.217150    0.104374
    0.218824    0.101863
    0.220498    0.099451
    0.222172    0.097133
    0.223846    0.094903
    0.225520    0.092756
    0.227194    0.090688
    0.228868    0.088695
    0.230542    0.086772
    0.232216    0.084916
    0.233890    0.083125
    0.235564    0.081394
    0.237238    0.079720
    0.238912    0.078102
    0.240586    0.076536
    0.242260    0.075020
    0.243934    0.073552
    0.245608    0.072129
    0.247281    0.070751
    0.248955    0.069413
    0.250629    0.068116
    0.252303    0.066857
    0.253977    0.065635
    0.255651    0.064448
    0.257325    0.063294
    0.258999    0.062173
    0.260673    0.061084
    0.262347    0.060024
    0.264021    0.058993
    0.265695    0.057990
    0.267369    0.057013
    0.269043    0.056062
    0.270717    0.055136
    0.272391    0.054233
    0.274065    0.053354
    0.275739    0.052497
    0.277413    0.051661
    0.279086    0.050846
    0.280760    0.050051
    0.282434    0.049275
    0.284108    0.048518
    0.285782    0.047778
    0.287456    0.047057
    0.289130    0.046352
    0.290804    0.045663
    0.292478    0.044990
    0.294152    0.044333
    0.295826    0.043690
    0.297500    0.043062
    0.299174    0.042448
    0.300848    0.041847
    0.302522    0.041259
    0.304196    0.040684
    0.305870    0.040121
    0.307544    0.039571
    0.309218    0.039031
    0.310891    0.038504
    0.312565    0.037987
    0.314239    0.037481
    0.315913    0.036985
    0.317587    0.036499
    0.319261    0.036023
    0.320935    0.035556
    0.322609    0.035099
    0.324283    0.034651
    0.325957    0.034211
    0.327631    0.033780
    0.329305    0.033358
    0.330979    0.032943
    0.332653    0.032536
    0.334327    0.032137
    0.336001    0.031746
    0.337675    0.031362
    0.339349    0.030984
    0.341023    0.030614
    0.342696    0.030251
    0.344370    0.029894
    0.346044    0.029543
    0.347718    0.029199
    0.349392    0.028861
    0.351066    0.028529
    0.352740    0.028202
    0.354414    0.027882
    0.356088    0.027567
    0.357762    0.027257
    0.359436    0.026953
    0.361110    0.026654
    0.362784    0.026359
    0.364458    0.026070
    0.366132    0.025786
    0.367806    0.025506
    0.369480    0.025231
    0.371154    0.024961
    0.372828    0.024694
    0.374501    0.024433
    0.376175    0.024175
    0.377849    0.023922
    0.379523    0.023672
    0.381197    0.023427
    0.382871    0.023185
    0.384545    0.022947
    0.386219    0.022713
    0.387893    0.022482
    0.389567    0.022255
    0.391241    0.022032
    0.392915    0.021812
    0.394589    0.021595
    0.396263    0.021382
    0.397937    0.021171
    0.399611    0.020964
    0.401285    0.020760
    0.402959    0.020559
    0.404633    0.020361
    0.406306    0.020166
    0.407980    0.019973
    0.409654    0.019783
    0.411328    0.019597
